-0.89200002E+00
-0.85200000E+00
-0.81200004E+00
-0.77200001E+00
-0.73199999E+00
-0.69200003E+00
-0.65200001E+00
-0.61199999E+00
-0.57200003E+00
-0.53200006E+00
-0.49200004E+00
-0.45200002E+00
-0.41200003E+00
-0.37200004E+00
-0.33200002E+00
-0.29200006E+00
-0.25200003E+00
-0.21200001E+00
-0.17200005E+00
-0.13200003E+00
-0.92000067E-01
-0.52000046E-01
-0.12000024E-01
0.27999938E-01
0.67999959E-01
0.10799998E+00
0.14799994E+00
0.18799990E+00
0.22799999E+00
0.26799995E+00
0.30799991E+00
0.34799999E+00
0.38799995E+00
0.42799991E+00
0.46799999E+00
0.50799996E+00
0.54799992E+00
0.58800000E+00
0.62799996E+00
0.66799992E+00
0.70799989E+00
0.74799997E+00
0.78799993E+00
0.82799989E+00
0.86799997E+00
0.90799993E+00
0.94799989E+00
0.98799998E+00
0.10279999E+01
0.10679998E+01
0.11080000E+01
0.11480000E+01
0.11880000E+01
0.12279999E+01
0.12679999E+01
0.13080001E+01
0.13480000E+01
0.13880000E+01
0.14280000E+01
0.14679999E+01
0.15079999E+01
0.15480001E+01
0.15880001E+01
0.16280000E+01
0.16680000E+01
0.17079999E+01
0.17479999E+01
0.17879999E+01
0.18280001E+01
0.18680000E+01
0.19080000E+01
0.19480000E+01
0.19879999E+01
0.20279999E+01
0.20680001E+01
0.21080000E+01
0.21480000E+01
0.21880000E+01
0.22279999E+01
0.22679999E+01
0.23079998E+01
0.23480000E+01
0.23880000E+01
0.24280000E+01
0.24679999E+01
0.25079999E+01
0.25479999E+01
0.25880001E+01
0.26280000E+01
0.26680000E+01
0.27079999E+01
0.27479999E+01
0.27879999E+01
0.28280001E+01
0.28680000E+01
0.29080000E+01
0.29480000E+01
0.29879999E+01
0.30279999E+01
0.30679998E+01
0.31080000E+01
0.31480000E+01
0.31880000E+01
0.32279999E+01
0.32679999E+01
0.33079998E+01
0.33479998E+01
0.33879998E+01
0.34279997E+01
0.34680002E+01
0.35080001E+01
0.35480001E+01
0.35880001E+01
0.36280000E+01
0.36680000E+01
0.37079999E+01
0.37479999E+01
0.37879999E+01
0.38279998E+01
0.38679998E+01
0.39079998E+01
0.39479997E+01
0.39880002E+01
0.40279999E+01
0.40679998E+01
0.41079998E+01
0.41479998E+01
0.41879997E+01
0.42279997E+01
0.42679996E+01
0.43079996E+01
0.43479996E+01
0.43879995E+01
0.44279995E+01
0.44679995E+01
0.45079999E+01
0.45479999E+01
0.45879998E+01
0.46279998E+01
0.46679997E+01
0.47079997E+01
0.47479997E+01
0.47879996E+01
0.48279996E+01
0.48679996E+01
0.49079995E+01
0.49479995E+01
0.49879994E+01
0.50279999E+01
0.50679998E+01
0.51079998E+01
0.51479998E+01
0.51879997E+01
0.52279997E+01
0.52679996E+01
0.53079996E+01
0.53479996E+01
0.53879995E+01
0.54279995E+01
0.54679995E+01
0.55079994E+01
0.55479999E+01
0.55879998E+01
0.56279998E+01
0.56679997E+01
0.57079997E+01
0.57479997E+01
0.57879996E+01
0.58279996E+01
0.58679996E+01
0.59079995E+01
0.59479995E+01
0.59879994E+01
0.60279999E+01
0.60679998E+01
0.61079998E+01
0.61479998E+01
0.61879997E+01
0.62279997E+01
0.62679996E+01
0.63079996E+01
0.63479996E+01
0.63879995E+01
0.64279995E+01
0.64679995E+01
0.65079994E+01
0.65479999E+01
0.65879998E+01
0.66279998E+01
0.66679997E+01
0.67079997E+01
0.67479997E+01
0.67879996E+01
0.68279996E+01
0.68679996E+01
0.69079995E+01
0.69479995E+01
0.69879994E+01
0.70279994E+01
0.70679998E+01
0.71079998E+01
0.71479998E+01
0.71879997E+01
0.72279997E+01
0.72679996E+01
0.73079996E+01
0.73479996E+01
0.73879995E+01
0.74279995E+01
0.74679995E+01
0.75079994E+01
0.75479994E+01
0.75879993E+01
0.76279993E+01
0.76679993E+01
0.77079992E+01
0.77479992E+01
0.77879992E+01
0.78280001E+01
0.78680000E+01
0.79080000E+01
0.79480000E+01
0.79879999E+01
0.80279999E+01
0.80679998E+01
0.81079998E+01
0.81479998E+01
0.81879997E+01
0.82279997E+01
0.82679996E+01
0.83079996E+01
0.83479996E+01
0.83879995E+01
0.84279995E+01
0.84679995E+01
0.85079994E+01
0.85479994E+01
0.85879993E+01
0.86279993E+01
0.86679993E+01
0.87079992E+01
0.87479992E+01
0.87879992E+01
0.88279991E+01
0.88680000E+01
0.89080000E+01
0.89480000E+01
0.89879999E+01
0.90279999E+01
0.90679998E+01
0.91079998E+01
0.91479998E+01
0.91879997E+01
0.92279997E+01
0.92679996E+01
0.93079996E+01
0.93479996E+01
0.93879995E+01
0.94279995E+01
0.94679995E+01
0.95079994E+01
0.95479994E+01
0.95879993E+01
0.96279993E+01
0.96679993E+01
0.97079992E+01
0.97479992E+01
0.97879992E+01
0.98279991E+01
0.98680000E+01
0.99080000E+01
0.99480000E+01
0.99879999E+01
0.10028000E+02
0.10068000E+02
0.10108000E+02
0.10148000E+02
0.10188000E+02
0.10228000E+02
0.10268000E+02
0.10308000E+02
0.10348000E+02
0.10388000E+02
0.10427999E+02
0.10467999E+02
0.10507999E+02
0.10547999E+02
0.10587999E+02
0.10627999E+02
0.10667999E+02
0.10707999E+02
0.10747999E+02
0.10787999E+02
0.10827999E+02
0.10867999E+02
0.10908000E+02
0.10948000E+02
0.10988000E+02
0.11028000E+02
0.11068000E+02
0.11108000E+02
0.11148000E+02
0.11188000E+02
0.11228000E+02
0.11268000E+02
0.11308000E+02
0.11348000E+02
0.11388000E+02
0.11427999E+02
0.11467999E+02
0.11507999E+02
0.11547999E+02
0.11587999E+02
0.11627999E+02
0.11667999E+02
0.11707999E+02
0.11747999E+02
0.11787999E+02
0.11827999E+02
0.11867999E+02
0.11907999E+02
0.11948000E+02
0.11988000E+02
0.12028000E+02
0.12068000E+02
0.12108000E+02
0.12148000E+02
0.12188000E+02
0.12228000E+02
0.12268000E+02
0.12308000E+02
0.12348000E+02
0.12388000E+02
0.12427999E+02
0.12467999E+02
0.12507999E+02
0.12547999E+02
0.12587999E+02
0.12627999E+02
0.12667999E+02
0.12707999E+02
0.12747999E+02
0.12787999E+02
0.12827999E+02
0.12867999E+02
0.12907999E+02
0.12948000E+02
0.12988000E+02
0.13028000E+02
0.13068000E+02
0.13108000E+02
0.13148000E+02
0.13188000E+02
0.13228000E+02
0.13268000E+02
0.13308000E+02
0.13348000E+02
0.13388000E+02
0.13427999E+02
0.13467999E+02
0.13507999E+02
0.13547999E+02
0.13587999E+02
0.13627999E+02
0.13667999E+02
0.13707999E+02
0.13747999E+02
0.13787999E+02
0.13827999E+02
0.13867999E+02
0.13907999E+02
0.13947999E+02
0.13988000E+02
0.14028000E+02
0.14068000E+02
0.14108000E+02
0.14148000E+02
0.14188000E+02
0.14228000E+02
0.14268000E+02
0.14308000E+02
0.14348000E+02
0.14388000E+02
0.14427999E+02
0.14467999E+02
0.14507999E+02
0.14547999E+02
0.14587999E+02
0.14627999E+02
0.14667999E+02
0.14707999E+02
0.14747999E+02
0.14787999E+02
0.14827999E+02
0.14867999E+02
0.14907999E+02
0.14947999E+02
0.14988000E+02
0.15028000E+02
0.15068000E+02
0.15108000E+02
0.15147999E+02
0.15188000E+02
0.15227999E+02
0.15268000E+02
0.15307999E+02
0.15348000E+02
0.15387999E+02
0.15427999E+02
0.15467999E+02
0.15507999E+02
0.15548000E+02
0.15587999E+02
0.15628000E+02
0.15667999E+02
0.15708000E+02
0.15747999E+02
0.15788000E+02
0.15827999E+02
0.15868000E+02
0.15907999E+02
0.15948000E+02
0.15987999E+02
0.16028000E+02
0.16067999E+02
0.16108000E+02
0.16147999E+02
0.16188000E+02
0.16227999E+02
0.16268000E+02
0.16307999E+02
0.16348000E+02
0.16387999E+02
0.16427999E+02
0.16467999E+02
0.16507999E+02
0.16548000E+02
0.16587999E+02
0.16628000E+02
0.16667999E+02
0.16708000E+02
0.16747999E+02
0.16788000E+02
0.16827999E+02
0.16868000E+02
0.16907999E+02
0.16948000E+02
0.16987999E+02
0.17028000E+02
0.17067999E+02
0.17108000E+02
0.17147999E+02
0.17188000E+02
0.17227999E+02
0.17268000E+02
0.17307999E+02
0.17348000E+02
0.17387999E+02
0.17427999E+02
0.17467999E+02
0.17507999E+02
0.17548000E+02
0.17587999E+02
0.17628000E+02
0.17667999E+02
0.17708000E+02
0.17747999E+02
0.17788000E+02
0.17827999E+02
0.17868000E+02
0.17907999E+02
0.17948000E+02
0.17987999E+02
0.18028000E+02
0.18067999E+02
0.18108000E+02
0.18147999E+02
0.18188000E+02
0.18227999E+02
0.18268000E+02
0.18307999E+02
0.18348000E+02
0.18387999E+02
0.18427999E+02
0.18467999E+02
0.18507999E+02
0.18547998E+02
0.18587999E+02
0.18628000E+02
0.18667999E+02
0.18708000E+02
0.18747999E+02
0.18788000E+02
0.18827999E+02
0.18868000E+02
0.18907999E+02
0.18948000E+02
0.18987999E+02
0.19028000E+02
0.19067999E+02
0.19108000E+02
0.19147999E+02
0.19188000E+02
0.19227999E+02
0.19268000E+02
0.19307999E+02
0.19348000E+02
0.19387999E+02
0.19427999E+02
0.19467999E+02
0.19507999E+02
0.19547998E+02
0.19587999E+02
0.19628000E+02
0.19667999E+02
0.19708000E+02
0.19747999E+02
0.19788000E+02
0.19827999E+02
0.19868000E+02
0.19907999E+02
0.19948000E+02
0.19987999E+02
0.20028000E+02
0.20067999E+02
0.20108000E+02
0.20147999E+02
0.20188000E+02
0.20227999E+02
0.20268000E+02
0.20307999E+02
0.20348000E+02
0.20387999E+02
0.20427999E+02
0.20467999E+02
0.20507999E+02
0.20547998E+02
0.20587999E+02
0.20628000E+02
0.20667999E+02
0.20708000E+02
0.20747999E+02
0.20788000E+02
0.20827999E+02
0.20868000E+02
0.20907999E+02
0.20948000E+02
0.20987999E+02
0.21028000E+02
0.21067999E+02
0.21108000E+02
0.21147999E+02
0.21188000E+02
0.21227999E+02
0.21268000E+02
0.21307999E+02
0.21348000E+02
0.21387999E+02
0.21427999E+02
0.21467999E+02
0.21507999E+02
0.21547998E+02
0.21587999E+02
0.21627998E+02
0.21667999E+02
0.21708000E+02
0.21747999E+02
0.21788000E+02
0.21827999E+02
0.21868000E+02
0.21907999E+02
0.21948000E+02
0.21987999E+02
0.22028000E+02
0.22067999E+02
0.22108000E+02
0.22147999E+02
0.22188000E+02
0.22227999E+02
0.22268000E+02
0.22307999E+02
0.22348000E+02
0.22387999E+02
0.22427999E+02
0.22467999E+02
0.22507999E+02
0.22547998E+02
0.22587999E+02
0.22627998E+02
0.22667999E+02
0.22708000E+02
0.22747999E+02
0.22788000E+02
0.22827999E+02
0.22868000E+02
0.22907999E+02
0.22948000E+02
0.22987999E+02
0.23028000E+02
0.23067999E+02
0.23108000E+02
0.23147999E+02
0.23188000E+02
0.23227999E+02
0.23268000E+02
0.23307999E+02
0.23348000E+02
0.23387999E+02
0.23427999E+02
0.23467999E+02
0.23507999E+02
0.23547998E+02
0.23587999E+02
0.23627998E+02
0.23667999E+02
0.23708000E+02
0.23747999E+02
0.23788000E+02
0.23827999E+02
0.23868000E+02
0.23907999E+02
0.23948000E+02
0.23987999E+02
0.24028000E+02
0.24067999E+02
0.24108000E+02
0.24147999E+02
0.24188000E+02
0.24227999E+02
0.24268000E+02
0.24307999E+02
0.24348000E+02
0.24387999E+02
0.24427999E+02
0.24467999E+02
0.24507999E+02
0.24547998E+02
0.24587999E+02
0.24627998E+02
0.24667999E+02
0.24707998E+02
0.24747999E+02
0.24788000E+02
0.24827999E+02
0.24868000E+02
0.24907999E+02
0.24948000E+02
0.24987999E+02
0.25028000E+02
0.25067999E+02
0.25108000E+02
0.25147999E+02
0.25188000E+02
0.25227999E+02
0.25268000E+02
0.25307999E+02
0.25348000E+02
0.25387999E+02
0.25427999E+02
0.25467999E+02
0.25507999E+02
0.25547998E+02
0.25587999E+02
0.25627998E+02
0.25667999E+02
0.25707998E+02
0.25747999E+02
0.25788000E+02
0.25827999E+02
0.25868000E+02
0.25907999E+02
0.25948000E+02
0.25987999E+02
0.26028000E+02
0.26067999E+02
0.26108000E+02
0.26147999E+02
0.26188000E+02
0.26227999E+02
0.26268000E+02
0.26307999E+02
0.26348000E+02
0.26387999E+02
0.26427999E+02
0.26467999E+02
0.26507999E+02
0.26547998E+02
0.26587999E+02
0.26627998E+02
0.26667999E+02
0.26707998E+02
0.26747999E+02
0.26788000E+02
0.26827999E+02
0.26868000E+02
0.26907999E+02
0.26948000E+02
0.26987999E+02
0.27028000E+02
0.27067999E+02
0.27108000E+02
0.27147999E+02
0.27188000E+02
0.27227999E+02
0.27268000E+02
0.27307999E+02
0.27348000E+02
0.27387999E+02
0.27427999E+02
0.27467999E+02
0.27507999E+02
0.27547998E+02
0.27587999E+02
0.27627998E+02
0.27667999E+02
0.27707998E+02
0.27747999E+02
0.27788000E+02
0.27827999E+02
0.27868000E+02
0.27907999E+02
0.27948000E+02
0.27987999E+02
0.28028000E+02
0.28067999E+02
0.28108000E+02
0.28147999E+02
0.28188000E+02
0.28227999E+02
0.28268000E+02
0.28307999E+02
0.28348000E+02
0.28387999E+02
0.28427999E+02
0.28467999E+02
0.28507999E+02
0.28547998E+02
0.28587999E+02
0.28627998E+02
0.28667999E+02
0.28707998E+02
0.28747999E+02
0.28787998E+02
0.28827999E+02
0.28868000E+02
0.28907999E+02
0.28948000E+02
0.28987999E+02
0.29028000E+02
0.29067999E+02
0.29108000E+02
0.29147999E+02
0.29188000E+02
0.29227999E+02
0.29268000E+02
0.29307999E+02
0.29348000E+02
0.29387999E+02
0.29427999E+02
0.29467999E+02
0.29507999E+02
0.29547998E+02
0.29587999E+02
0.29627998E+02
0.29667999E+02
0.29707998E+02
0.29747999E+02
0.29787998E+02
0.29827999E+02
0.29868000E+02
0.29907999E+02
0.29948000E+02
0.29987999E+02
0.30028000E+02
0.30067999E+02
0.30108000E+02
0.30147999E+02
0.30188000E+02
0.30227999E+02
0.30268000E+02
0.30307999E+02
0.30348000E+02
0.30387999E+02
0.30427999E+02
0.30467999E+02
0.30507999E+02
0.30547998E+02
0.30587999E+02
0.30627998E+02
0.30667999E+02
0.30707998E+02
0.30747999E+02
0.30787998E+02
0.30827999E+02
0.30868000E+02
0.30907999E+02
0.30948000E+02
0.30987999E+02
0.31028000E+02
0.31067999E+02
0.31108000E+02
0.31148001E+02
0.31187998E+02
0.31227999E+02
0.31268000E+02
0.31308001E+02
0.31347998E+02
0.31387999E+02
0.31427999E+02
0.31468000E+02
0.31507998E+02
0.31547998E+02
0.31587999E+02
0.31628000E+02
0.31667997E+02
0.31707998E+02
0.31747999E+02
0.31788000E+02
0.31827997E+02
0.31867998E+02
0.31907999E+02
0.31948000E+02
0.31988001E+02
0.32028000E+02
0.32068001E+02
0.32108002E+02
0.32148003E+02
0.32188000E+02
0.32228001E+02
0.32268002E+02
0.32308002E+02
0.32348000E+02
0.32388000E+02
0.32428001E+02
0.32468002E+02
0.32507999E+02
0.32548000E+02
0.32588001E+02
0.32628002E+02
0.32667999E+02
0.32708000E+02
0.32748001E+02
0.32788002E+02
0.32827999E+02
0.32868000E+02
0.32908001E+02
0.32948002E+02
0.32988003E+02
0.33028000E+02
0.33068001E+02
0.33108002E+02
0.33148003E+02
0.33188000E+02
0.33228001E+02
0.33268002E+02
0.33308002E+02
0.33348000E+02
0.33388000E+02
0.33428001E+02
0.33468002E+02
0.33507999E+02
0.33548000E+02
0.33588001E+02
0.33628002E+02
0.33667999E+02
0.33708000E+02
0.33748001E+02
0.33788002E+02
0.33827999E+02
0.33868000E+02
0.33908001E+02
0.33948002E+02
0.33988003E+02
0.34028000E+02
0.34068001E+02
0.34108002E+02
0.34148003E+02
0.34188000E+02
0.34228001E+02
0.34268002E+02
0.34308002E+02
0.34348000E+02
0.34388000E+02
0.34428001E+02
0.34468002E+02
0.34507999E+02
0.34548000E+02
0.34588001E+02
0.34628002E+02
0.34667999E+02
0.34708000E+02
0.34748001E+02
0.34788002E+02
0.34827999E+02
0.34868000E+02
0.34908001E+02
0.34948002E+02
0.34988003E+02
0.35028000E+02
0.35068001E+02
0.35108002E+02
0.35148003E+02
0.35188000E+02
0.35228001E+02
0.35268002E+02
0.35308002E+02
0.35348000E+02
0.35388000E+02
0.35428001E+02
0.35468002E+02
0.35507999E+02
0.35548000E+02
0.35588001E+02
0.35628002E+02
0.35667999E+02
0.35708000E+02
0.35748001E+02
0.35788002E+02
0.35827999E+02
0.35868000E+02
0.35908001E+02
0.35948002E+02
0.35988003E+02
0.36028000E+02
0.36068001E+02
0.36108002E+02
0.36148003E+02
0.36188000E+02
0.36228001E+02
0.36268002E+02
0.36308002E+02
0.36348000E+02
0.36388000E+02
0.36428001E+02
0.36468002E+02
0.36507999E+02
0.36548000E+02
0.36588001E+02
0.36628002E+02
0.36667999E+02
0.36708000E+02
0.36748001E+02
0.36788002E+02
0.36827999E+02
0.36868000E+02
0.36908001E+02
0.36948002E+02
0.36987999E+02
0.37028000E+02
0.37068001E+02
0.37108002E+02
0.37148003E+02
0.37188000E+02
0.37228001E+02
0.37268002E+02
0.37308002E+02
0.37348000E+02
0.37388000E+02
0.37428001E+02
0.37468002E+02
0.37507999E+02
0.37548000E+02
0.37588001E+02
0.37628002E+02
0.37667999E+02
0.37708000E+02
0.37748001E+02
0.37788002E+02
0.37827999E+02
0.37868000E+02
0.37908001E+02
0.37948002E+02
0.37987999E+02
0.38028000E+02
0.38068001E+02
0.38108002E+02
0.38148003E+02
0.38188000E+02
0.38228001E+02
0.38268002E+02
0.38308002E+02
0.38348000E+02
0.38388000E+02
0.38428001E+02
0.38468002E+02
0.38507999E+02
0.38548000E+02
0.38588001E+02
0.38628002E+02
0.38667999E+02
0.38708000E+02
0.38748001E+02
0.38788002E+02
0.38827999E+02
0.38868000E+02
0.38908001E+02
0.38948002E+02
0.38987999E+02
0.39028000E+02
0.39068001E+02
0.39108002E+02
0.39148003E+02
0.39188000E+02
0.39228001E+02
0.39268002E+02
0.39308002E+02
0.39348000E+02
0.39388000E+02
0.39428001E+02
0.39468002E+02
0.39507999E+02
0.39548000E+02
0.39588001E+02
0.39628002E+02
0.39667999E+02
0.39708000E+02
0.39748001E+02
0.39788002E+02
0.39827999E+02
0.39868000E+02
0.39908001E+02
0.39948002E+02
0.39987999E+02
0.40028000E+02
0.40068001E+02
0.40108002E+02
0.40148003E+02
0.40188000E+02
0.40228001E+02
0.40268002E+02
0.40308002E+02
0.40348000E+02
0.40388000E+02
0.40428001E+02
0.40468002E+02
0.40507999E+02
0.40548000E+02
0.40588001E+02
0.40628002E+02
0.40667999E+02
0.40708000E+02
0.40748001E+02
0.40788002E+02
0.40827999E+02
0.40868000E+02
0.40908001E+02
0.40948002E+02
0.40987999E+02
0.41028000E+02
0.41068001E+02
0.41108002E+02
0.41148003E+02
0.41188000E+02
0.41228001E+02
0.41268002E+02
0.41308002E+02
0.41348000E+02
0.41388000E+02
0.41428001E+02
0.41468002E+02
0.41507999E+02
0.41548000E+02
0.41588001E+02
0.41628002E+02
0.41667999E+02
0.41708000E+02
0.41748001E+02
0.41788002E+02
0.41827999E+02
0.41868000E+02
0.41908001E+02
0.41948002E+02
0.41987999E+02
0.42028000E+02
0.42068001E+02
0.42108002E+02
0.42148003E+02
0.42188000E+02
0.42228001E+02
0.42268002E+02
0.42308002E+02
0.42348000E+02
0.42388000E+02
0.42428001E+02
0.42468002E+02
0.42507999E+02
0.42548000E+02
0.42588001E+02
0.42628002E+02
0.42667999E+02
0.42708000E+02
0.42748001E+02
0.42788002E+02
0.42827999E+02
0.42868000E+02
0.42908001E+02
0.42948002E+02
0.42987999E+02
0.43028000E+02
0.43068001E+02
0.43108002E+02
0.43148003E+02
0.43188000E+02
0.43228001E+02
0.43268002E+02
0.43308002E+02
0.43348000E+02
0.43388000E+02
0.43428001E+02
0.43468002E+02
0.43507999E+02
0.43548000E+02
0.43588001E+02
0.43628002E+02
0.43667999E+02
0.43708000E+02
0.43748001E+02
0.43788002E+02
0.43827999E+02
0.43868000E+02
0.43908001E+02
0.43948002E+02
0.43987999E+02
0.44028000E+02
0.44068001E+02
0.44108002E+02
0.44147999E+02
0.44188000E+02
0.44228001E+02
0.44268002E+02
0.44308002E+02
0.44348000E+02
0.44388000E+02
0.44428001E+02
0.44468002E+02
0.44507999E+02
0.44548000E+02
0.44588001E+02
0.44628002E+02
0.44667999E+02
0.44708000E+02
0.44748001E+02
0.44788002E+02
0.44827999E+02
0.44868000E+02
0.44908001E+02
0.44948002E+02
0.44987999E+02
0.45028000E+02
0.45068001E+02
0.45108002E+02
0.45147999E+02
0.45188000E+02
0.45228001E+02
0.45268002E+02
0.45308002E+02
0.45348000E+02
0.45388000E+02
0.45428001E+02
0.45468002E+02
0.45507999E+02
0.45548000E+02
0.45588001E+02
0.45628002E+02
0.45667999E+02
0.45708000E+02
0.45748001E+02
0.45788002E+02
0.45827999E+02
0.45868000E+02
0.45908001E+02
0.45948002E+02
0.45987999E+02
0.46028000E+02
0.46068001E+02
0.46108002E+02
0.46147999E+02
0.46188000E+02
0.46228001E+02
0.46268002E+02
0.46308002E+02
0.46348000E+02
0.46388000E+02
0.46428001E+02
0.46468002E+02
0.46507999E+02
0.46548000E+02
0.46588001E+02
0.46628002E+02
0.46667999E+02
0.46708000E+02
0.46748001E+02
0.46788002E+02
0.46827999E+02
0.46868000E+02
0.46908001E+02
0.46948002E+02
0.46987999E+02
0.47028000E+02
0.47068001E+02
0.47108002E+02
0.47147999E+02
0.47188000E+02
0.47228001E+02
0.47268002E+02
0.47308002E+02
0.47348000E+02
0.47388000E+02
0.47428001E+02
0.47468002E+02
0.47507999E+02
0.47548000E+02
0.47588001E+02
0.47628002E+02
0.47667999E+02
0.47708000E+02
0.47748001E+02
0.47788002E+02
0.47827999E+02
0.47868000E+02
0.47908001E+02
0.47948002E+02
0.47987999E+02
0.48028000E+02
0.48068001E+02
0.48108002E+02
0.48147999E+02
0.48188000E+02
0.48228001E+02
0.48268002E+02
0.48308002E+02
0.48348000E+02
0.48388000E+02
0.48428001E+02
0.48468002E+02
0.48507999E+02
0.48548000E+02
0.48588001E+02
0.48628002E+02
0.48667999E+02
0.48708000E+02
0.48748001E+02
0.48788002E+02
0.48827999E+02
0.48868000E+02
0.48908001E+02
0.48948002E+02
0.48987999E+02
0.49028000E+02
0.49068001E+02
0.49108002E+02
0.49147999E+02
0.49188000E+02
0.49228001E+02
0.49268002E+02
0.49308002E+02
0.49348000E+02
0.49388000E+02
0.49428001E+02
0.49468002E+02
0.49507999E+02
0.49548000E+02
0.49588001E+02
0.49628002E+02
0.49667999E+02
0.49708000E+02
0.49748001E+02
0.49788002E+02
0.49827999E+02
0.49868000E+02
0.49908001E+02
0.49948002E+02
0.49987999E+02
0.50028000E+02
0.50068001E+02
0.50108002E+02
0.50147999E+02
0.50188000E+02
0.50228001E+02
0.50268002E+02
0.50307999E+02
0.50348000E+02
0.50388000E+02
0.50428001E+02
0.50468002E+02
0.50507999E+02
0.50548000E+02
0.50588001E+02
0.50628002E+02
0.50667999E+02
0.50708000E+02
0.50748001E+02
0.50788002E+02
0.50827999E+02
0.50868000E+02
0.50908001E+02
0.50948002E+02
0.50987999E+02
0.51028000E+02
0.51068001E+02
0.51108002E+02
0.51147999E+02
0.51188000E+02
0.51228001E+02
0.51268002E+02
0.51307999E+02
0.51348000E+02
0.51388000E+02
0.51428001E+02
0.51468002E+02
0.51507999E+02
0.51548000E+02
0.51588001E+02
0.51628002E+02
0.51667999E+02
0.51708000E+02
0.51748001E+02
0.51788002E+02
0.51827999E+02
0.51868000E+02
0.51908001E+02
0.51948002E+02
0.51987999E+02
0.52028000E+02
0.52068001E+02
0.52108002E+02
0.52147999E+02
0.52188000E+02
0.52228001E+02
0.52268002E+02
0.52307999E+02
0.52348000E+02
0.52388000E+02
0.52428001E+02
0.52468002E+02
0.52507999E+02
0.52548000E+02
0.52588001E+02
0.52628002E+02
0.52667999E+02
0.52708000E+02
0.52748001E+02
0.52788002E+02
0.52827999E+02
0.52868000E+02
0.52908001E+02
0.52948002E+02
0.52987999E+02
0.53028000E+02
0.53068001E+02
0.53108002E+02
0.53147999E+02
0.53188000E+02
0.53228001E+02
0.53268002E+02
0.53307999E+02
0.53348000E+02
0.53388000E+02
0.53428001E+02
0.53468002E+02
0.53507999E+02
0.53548000E+02
0.53588001E+02
0.53628002E+02
0.53667999E+02
0.53708000E+02
0.53748001E+02
0.53788002E+02
0.53827999E+02
0.53868000E+02
0.53908001E+02
0.53948002E+02
0.53987999E+02
0.54028000E+02
0.54068001E+02
0.54108002E+02
0.54147999E+02
0.54188000E+02
0.54228001E+02
0.54268002E+02
0.54307999E+02
0.54348000E+02
0.54388000E+02
0.54428001E+02
0.54468002E+02
0.54507999E+02
0.54548000E+02
0.54588001E+02
0.54628002E+02
0.54667999E+02
0.54708000E+02
0.54748001E+02
0.54788002E+02
0.54827999E+02
0.54868000E+02
0.54908001E+02
0.54948002E+02
0.54987999E+02
0.55028000E+02
0.55068001E+02
0.55108002E+02
0.55147999E+02
0.55188000E+02
0.55228001E+02
0.55268002E+02
0.55307999E+02
0.55348000E+02
0.55388000E+02
0.55428001E+02
0.55468002E+02
0.55507999E+02
0.55548000E+02
0.55588001E+02
0.55628002E+02
0.55667999E+02
0.55708000E+02
0.55748001E+02
0.55788002E+02
0.55827999E+02
0.55868000E+02
0.55908001E+02
0.55948002E+02
0.55987999E+02
0.56028000E+02
0.56068001E+02
0.56108002E+02
0.56147999E+02
0.56188000E+02
0.56228001E+02
0.56268002E+02
0.56307999E+02
0.56348000E+02
0.56388000E+02
0.56428001E+02
0.56468002E+02
0.56507999E+02
0.56548000E+02
0.56588001E+02
0.56628002E+02
0.56667999E+02
0.56708000E+02
0.56748001E+02
0.56788002E+02
0.56827999E+02
0.56868000E+02
0.56908001E+02
0.56948002E+02
0.56987999E+02
0.57028000E+02
0.57068001E+02
0.57108002E+02
0.57147999E+02
0.57188000E+02
0.57228001E+02
0.57268002E+02
0.57307999E+02
0.57348000E+02
0.57388000E+02
0.57428001E+02
0.57467999E+02
0.57507999E+02
0.57548000E+02
0.57588001E+02
0.57628002E+02
0.57667999E+02
0.57708000E+02
0.57748001E+02
0.57788002E+02
0.57827999E+02
0.57868000E+02
0.57908001E+02
0.57948002E+02
0.57987999E+02
0.58028000E+02
0.58068001E+02
0.58108002E+02
0.58147999E+02
0.58188000E+02
0.58228001E+02
0.58268002E+02
0.58307999E+02
0.58348000E+02
0.58388000E+02
0.58428001E+02
0.58467999E+02
0.58507999E+02
0.58548000E+02
0.58588001E+02
0.58628002E+02
0.58667999E+02
0.58708000E+02
0.58748001E+02
0.58788002E+02
0.58827999E+02
0.58868000E+02
0.58908001E+02
0.58948002E+02
0.58987999E+02
0.59028000E+02
0.59068001E+02
0.59108002E+02
0.59147999E+02
0.59188000E+02
0.59228001E+02
0.59268002E+02
0.59307999E+02
0.59348000E+02
0.59388000E+02
0.59428001E+02
0.59467999E+02
0.59507999E+02
0.59548000E+02
0.59588001E+02
0.59628002E+02
0.59667999E+02
0.59708000E+02
0.59748001E+02
0.59788002E+02
0.59827999E+02
0.59868000E+02
0.59908001E+02
0.59948002E+02
0.59987999E+02
0.60028000E+02
0.60068001E+02
0.60108002E+02
0.60147999E+02
0.60188000E+02
0.60228001E+02
0.60268002E+02
0.60307999E+02
0.60348000E+02
0.60388000E+02
0.60428001E+02
0.60467999E+02
0.60507999E+02
0.60548000E+02
0.60588001E+02
0.60628002E+02
0.60667999E+02
0.60708000E+02
0.60748001E+02
0.60788002E+02
0.60827999E+02
0.60868000E+02
0.60908001E+02
0.60948002E+02
0.60987999E+02
0.61028000E+02
0.61068001E+02
0.61108002E+02
0.61147999E+02
0.61188000E+02
0.61228001E+02
0.61268002E+02
0.61307999E+02
0.61348000E+02
0.61388000E+02
0.61428001E+02
0.61467999E+02
0.61507999E+02
0.61548000E+02
0.61588001E+02
0.61628002E+02
0.61667999E+02
0.61708000E+02
0.61748001E+02
0.61788002E+02
0.61827999E+02
0.61868000E+02
0.61908001E+02
0.61948002E+02
0.61987999E+02
0.62028000E+02
0.62068001E+02
0.62108002E+02
0.62147999E+02
0.62188000E+02
0.62228001E+02
0.62268002E+02
0.62307999E+02
0.62348000E+02
0.62388000E+02
0.62428001E+02
0.62467999E+02
0.62507999E+02
0.62548000E+02
0.62588001E+02
0.62628002E+02
0.62667999E+02
0.62708000E+02
0.62748001E+02
0.62788002E+02
0.62827999E+02
0.62868000E+02
0.62908001E+02
0.62948002E+02
0.62987999E+02
0.63028000E+02
0.63068001E+02
0.63108002E+02
0.63148003E+02
0.63188004E+02
0.63227997E+02
0.63267998E+02
0.63307999E+02
0.63348000E+02
0.63388000E+02
0.63428001E+02
0.63468002E+02
0.63508003E+02
0.63547997E+02
0.63587997E+02
0.63627998E+02
0.63667999E+02
0.63708000E+02
0.63748001E+02
0.63788002E+02
0.63828003E+02
0.63868004E+02
0.63907997E+02
0.63947998E+02
0.63987999E+02
0.64028000E+02
0.64068001E+02
0.64108002E+02
0.64148003E+02
0.64188004E+02
0.64227997E+02
0.64267998E+02
0.64307999E+02
0.64348000E+02
0.64388000E+02
0.64428001E+02
0.64468002E+02
0.64508003E+02
0.64547997E+02
0.64587997E+02
0.64627998E+02
0.64667999E+02
0.64708000E+02
0.64748001E+02
0.64788002E+02
0.64828003E+02
0.64868004E+02
0.64907997E+02
0.64947998E+02
0.64987999E+02
0.65028000E+02
0.65068001E+02
0.65108002E+02
0.65148003E+02
0.65188004E+02
0.65227997E+02
0.65267998E+02
0.65307999E+02
0.65348000E+02
0.65388000E+02
0.65428001E+02
0.65468002E+02
0.65508003E+02
0.65547997E+02
0.65587997E+02
0.65627998E+02
0.65667999E+02
0.65708000E+02
0.65748001E+02
0.65788002E+02
0.65828003E+02
0.65868004E+02
0.65907997E+02
0.65947998E+02
0.65987999E+02
0.66028000E+02
0.66068001E+02
0.66108002E+02
0.66148003E+02
0.66188004E+02
0.66227997E+02
0.66267998E+02
0.66307999E+02
0.66348000E+02
0.66388000E+02
0.66428001E+02
0.66468002E+02
0.66508003E+02
0.66547997E+02
0.66587997E+02
0.66627998E+02
0.66667999E+02
0.66708000E+02
0.66748001E+02
0.66788002E+02
0.66828003E+02
0.66868004E+02
0.66907997E+02
0.66947998E+02
0.66987999E+02
0.67028000E+02
0.67068001E+02
0.67108002E+02
0.67148003E+02
0.67188004E+02
0.67227997E+02
0.67267998E+02
0.67307999E+02
0.67348000E+02
0.67388000E+02
0.67428001E+02
0.67468002E+02
0.67508003E+02
0.67547997E+02
0.67587997E+02
0.67627998E+02
0.67667999E+02
0.67708000E+02
0.67748001E+02
0.67788002E+02
0.67828003E+02
0.67868004E+02
0.67907997E+02
0.67947998E+02
0.67987999E+02
0.68028000E+02
0.68068001E+02
0.68108002E+02
0.68148003E+02
0.68188004E+02
0.68227997E+02
0.68267998E+02
0.68307999E+02
0.68348000E+02
0.68388000E+02
0.68428001E+02
0.68468002E+02
0.68508003E+02
0.68547997E+02
0.68587997E+02
0.68627998E+02
0.68667999E+02
0.68708000E+02
0.68748001E+02
0.68788002E+02
0.68828003E+02
0.68868004E+02
0.68907997E+02
0.68947998E+02
0.68987999E+02
0.69028000E+02
0.69068001E+02
0.69108002E+02
0.69148003E+02
0.69188004E+02
0.69227997E+02
0.69267998E+02
0.69307999E+02
0.69348000E+02
0.69388000E+02
0.69428001E+02
0.69468002E+02
0.69508003E+02
0.69547997E+02
0.69587997E+02
0.69627998E+02
0.69667999E+02
0.69708000E+02
0.69748001E+02
0.69788002E+02
0.69828003E+02
0.69868004E+02
0.69907997E+02
0.69947998E+02
0.69987999E+02
0.70028000E+02
0.70068001E+02
0.70108002E+02
0.70148003E+02
0.70188004E+02
0.70227997E+02
0.70267998E+02
0.70307999E+02
0.70348000E+02
0.70388000E+02
0.70428001E+02
0.70468002E+02
0.70508003E+02
0.70547997E+02
0.70587997E+02
0.70627998E+02
0.70667999E+02
0.70708000E+02
0.70748001E+02
0.70788002E+02
0.70828003E+02
0.70868004E+02
0.70907997E+02
0.70947998E+02
0.70987999E+02
0.71028000E+02
0.71068001E+02
0.71108002E+02
0.71148003E+02
0.71188004E+02
0.71227997E+02
0.71267998E+02
0.71307999E+02
0.71348000E+02
0.71388000E+02
0.71428001E+02
0.71468002E+02
0.71508003E+02
0.71547997E+02
0.71587997E+02
0.71627998E+02
0.71667999E+02
0.71708000E+02
0.71748001E+02
0.71788002E+02
0.71828003E+02
0.71868004E+02
0.71907997E+02
0.71947998E+02
0.71987999E+02
0.72028000E+02
0.72068001E+02
0.72108002E+02
0.72148003E+02
0.72188004E+02
0.72227997E+02
0.72267998E+02
0.72307999E+02
0.72348000E+02
0.72388000E+02
0.72428001E+02
0.72468002E+02
0.72508003E+02
0.72547997E+02
0.72587997E+02
0.72627998E+02
0.72667999E+02
0.72708000E+02
0.72748001E+02
0.72788002E+02
0.72828003E+02
0.72868004E+02
0.72907997E+02
0.72947998E+02
0.72987999E+02
0.73028000E+02
0.73068001E+02
0.73108002E+02
0.73148003E+02
0.73188004E+02
0.73227997E+02
0.73267998E+02
0.73307999E+02
0.73348000E+02
0.73388000E+02
0.73428001E+02
0.73468002E+02
0.73508003E+02
0.73547997E+02
0.73587997E+02
0.73627998E+02
0.73667999E+02
0.73708000E+02
0.73748001E+02
0.73788002E+02
0.73828003E+02
0.73868004E+02
0.73907997E+02
0.73947998E+02
0.73987999E+02
0.74028000E+02
0.74068001E+02
0.74108002E+02
0.74148003E+02
0.74188004E+02
0.74227997E+02
0.74267998E+02
0.74307999E+02
0.74348000E+02
0.74388000E+02
0.74428001E+02
0.74468002E+02
0.74508003E+02
0.74547997E+02
0.74587997E+02
0.74627998E+02
0.74667999E+02
0.74708000E+02
0.74748001E+02
0.74788002E+02
0.74828003E+02
0.74867996E+02
0.74907997E+02
0.74947998E+02
0.74987999E+02
0.75028000E+02
0.75068001E+02
0.75108002E+02
0.75148003E+02
0.75188004E+02
0.75227997E+02
0.75267998E+02
0.75307999E+02
0.75348000E+02
0.75388000E+02
0.75428001E+02
0.75468002E+02
0.75508003E+02
0.75547997E+02
0.75587997E+02
0.75627998E+02
0.75667999E+02
0.75708000E+02
0.75748001E+02
0.75788002E+02
0.75828003E+02
0.75867996E+02
0.75907997E+02
0.75947998E+02
0.75987999E+02
0.76028000E+02
0.76068001E+02
0.76108002E+02
0.76148003E+02
0.76188004E+02
0.76227997E+02
0.76267998E+02
0.76307999E+02
0.76348000E+02
0.76388000E+02
0.76428001E+02
0.76468002E+02
0.76508003E+02
0.76547997E+02
0.76587997E+02
0.76627998E+02
0.76667999E+02
0.76708000E+02
0.76748001E+02
0.76788002E+02
0.76828003E+02
0.76867996E+02
0.76907997E+02
0.76947998E+02
0.76987999E+02
0.77028000E+02
0.77068001E+02
0.77108002E+02
0.77148003E+02
0.77188004E+02
0.77227997E+02
0.77267998E+02
0.77307999E+02
0.77348000E+02
0.77388000E+02
0.77428001E+02
0.77468002E+02
0.77508003E+02
0.77547997E+02
0.77587997E+02
0.77627998E+02
0.77667999E+02
0.77708000E+02
0.77748001E+02
0.77788002E+02
0.77828003E+02
0.77867996E+02
0.77907997E+02
0.77947998E+02
0.77987999E+02
0.78028000E+02
0.78068001E+02
0.78108002E+02
0.78148003E+02
0.78188004E+02
0.78227997E+02
0.78267998E+02
0.78307999E+02
0.78348000E+02
0.78388000E+02
0.78428001E+02
0.78468002E+02
0.78508003E+02
0.78547997E+02
0.78587997E+02
0.78627998E+02
0.78667999E+02
0.78708000E+02
0.78748001E+02
0.78788002E+02
0.78828003E+02
0.78867996E+02
0.78907997E+02
0.78947998E+02
0.78987999E+02
0.79028000E+02
0.79068001E+02
0.79108002E+02
0.79148003E+02
0.79188004E+02
0.79227997E+02
0.79267998E+02
0.79307999E+02
0.79348000E+02
0.79388000E+02
0.79428001E+02
0.79468002E+02
0.79508003E+02
0.79547997E+02
0.79587997E+02
0.79627998E+02
0.79667999E+02
0.79708000E+02
0.79748001E+02
0.79788002E+02
0.79828003E+02
0.79867996E+02
0.79907997E+02
0.79947998E+02
0.79987999E+02
0.80028000E+02
0.80068001E+02
0.80108002E+02
0.80148003E+02
0.80188004E+02
0.80227997E+02
0.80267998E+02
0.80307999E+02
0.80348000E+02
0.80388000E+02
0.80428001E+02
0.80468002E+02
0.80508003E+02
0.80547997E+02
0.80587997E+02
0.80627998E+02
0.80667999E+02
0.80708000E+02
0.80748001E+02
0.80788002E+02
0.80828003E+02
0.80867996E+02
0.80907997E+02
0.80947998E+02
0.80987999E+02
0.81028000E+02
0.81068001E+02
0.81108002E+02
0.81148003E+02
0.81188004E+02
0.81227997E+02
0.81267998E+02
0.81307999E+02
0.81348000E+02
0.81388000E+02
0.81428001E+02
0.81468002E+02
0.81508003E+02
0.81547997E+02
0.81587997E+02
0.81627998E+02
0.81667999E+02
0.81708000E+02
0.81748001E+02
0.81788002E+02
0.81828003E+02
0.81867996E+02
0.81907997E+02
0.81947998E+02
0.81987999E+02
0.82028000E+02
0.82068001E+02
0.82108002E+02
0.82148003E+02
0.82188004E+02
0.82227997E+02
0.82267998E+02
0.82307999E+02
0.82348000E+02
0.82388000E+02
0.82428001E+02
0.82468002E+02
0.82508003E+02
0.82547997E+02
0.82587997E+02
0.82627998E+02
0.82667999E+02
0.82708000E+02
0.82748001E+02
0.82788002E+02
0.82828003E+02
0.82867996E+02
0.82907997E+02
0.82947998E+02
0.82987999E+02
0.83028000E+02
0.83068001E+02
0.83108002E+02
0.83148003E+02
0.83188004E+02
0.83227997E+02
0.83267998E+02
0.83307999E+02
0.83348000E+02
0.83388000E+02
0.83428001E+02
0.83468002E+02
0.83508003E+02
0.83547997E+02
0.83587997E+02
0.83627998E+02
0.83667999E+02
0.83708000E+02
0.83748001E+02
0.83788002E+02
0.83828003E+02
0.83867996E+02
0.83907997E+02
0.83947998E+02
0.83987999E+02
0.84028000E+02
0.84068001E+02
0.84108002E+02
0.84148003E+02
0.84188004E+02
0.84227997E+02
0.84267998E+02
0.84307999E+02
0.84348000E+02
0.84388000E+02
0.84428001E+02
0.84468002E+02
0.84508003E+02
0.84547997E+02
0.84587997E+02
0.84627998E+02
0.84667999E+02
0.84708000E+02
0.84748001E+02
0.84788002E+02
0.84828003E+02
0.84867996E+02
0.84907997E+02
0.84947998E+02
0.84987999E+02
0.85028000E+02
0.85068001E+02
0.85108002E+02
0.85148003E+02
0.85188004E+02
0.85227997E+02
0.85267998E+02
0.85307999E+02
0.85348000E+02
0.85388000E+02
0.85428001E+02
0.85468002E+02
0.85508003E+02
0.85547997E+02
0.85587997E+02
0.85627998E+02
0.85667999E+02
0.85708000E+02
0.85748001E+02
0.85788002E+02
0.85828003E+02
0.85867996E+02
0.85907997E+02
0.85947998E+02
0.85987999E+02
0.86028000E+02
0.86068001E+02
0.86108002E+02
0.86148003E+02
0.86188004E+02
0.86227997E+02
0.86267998E+02
0.86307999E+02
0.86348000E+02
0.86388000E+02
0.86428001E+02
0.86468002E+02
0.86508003E+02
0.86547997E+02
0.86587997E+02
0.86627998E+02
0.86667999E+02
0.86708000E+02
0.86748001E+02
0.86788002E+02
0.86828003E+02
0.86867996E+02
0.86907997E+02
0.86947998E+02
0.86987999E+02
0.87028000E+02
0.87068001E+02
0.87108002E+02
0.87148003E+02
0.87188004E+02
0.87227997E+02
0.87267998E+02
0.87307999E+02
0.87348000E+02
0.87388000E+02
0.87428001E+02
0.87468002E+02
0.87508003E+02
0.87547997E+02
0.87587997E+02
0.87627998E+02
0.87667999E+02
0.87708000E+02
0.87748001E+02
0.87788002E+02
0.87828003E+02
0.87867996E+02
0.87907997E+02
0.87947998E+02
0.87987999E+02
0.88028000E+02
0.88068001E+02
0.88108002E+02
0.88148003E+02
0.88187996E+02
0.88227997E+02
0.88267998E+02
0.88307999E+02
0.88348000E+02
0.88388000E+02
0.88428001E+02
0.88468002E+02
0.88508003E+02
0.88547997E+02
0.88587997E+02
0.88627998E+02
0.88667999E+02
0.88708000E+02
0.88748001E+02
0.88788002E+02
0.88828003E+02
0.88867996E+02
0.88907997E+02
0.88947998E+02
0.88987999E+02
0.89028000E+02
0.89068001E+02
0.89108002E+02
0.89148003E+02
0.89187996E+02
0.89227997E+02
0.89267998E+02
0.89307999E+02
0.89348000E+02
0.89388000E+02
0.89428001E+02
0.89468002E+02
0.89508003E+02
0.89547997E+02
0.89587997E+02
0.89627998E+02
0.89667999E+02
0.89708000E+02
0.89748001E+02
0.89788002E+02
0.89828003E+02
0.89867996E+02
0.89907997E+02
0.89947998E+02
0.89987999E+02
0.90028000E+02
0.90068001E+02
0.90108002E+02
0.90148003E+02
0.90187996E+02
0.90227997E+02
0.90267998E+02
0.90307999E+02
0.90348000E+02
0.90388000E+02
0.90428001E+02
0.90468002E+02
0.90508003E+02
0.90547997E+02
0.90587997E+02
0.90627998E+02
0.90667999E+02
0.90708000E+02
0.90748001E+02
0.90788002E+02
0.90828003E+02
0.90867996E+02
0.90907997E+02
0.90947998E+02
0.90987999E+02
0.91028000E+02
0.91068001E+02
0.91108002E+02
0.91148003E+02
0.91187996E+02
0.91227997E+02
0.91267998E+02
0.91307999E+02
0.91348000E+02
0.91388000E+02
0.91428001E+02
0.91468002E+02
0.91508003E+02
0.91547997E+02
0.91587997E+02
0.91627998E+02
0.91667999E+02
0.91708000E+02
0.91748001E+02
0.91788002E+02
0.91828003E+02
0.91867996E+02
0.91907997E+02
0.91947998E+02
0.91987999E+02
0.92028000E+02
0.92068001E+02
0.92108002E+02
0.92148003E+02
0.92187996E+02
0.92227997E+02
0.92267998E+02
0.92307999E+02
0.92348000E+02
0.92388000E+02
0.92428001E+02
0.92468002E+02
0.92508003E+02
0.92547997E+02
0.92587997E+02
0.92627998E+02
0.92667999E+02
0.92708000E+02
0.92748001E+02
0.92788002E+02
0.92828003E+02
0.92867996E+02
0.92907997E+02
0.92947998E+02
0.92987999E+02
0.93028000E+02
0.93068001E+02
0.93108002E+02
0.93148003E+02
0.93187996E+02
0.93227997E+02
0.93267998E+02
0.93307999E+02
0.93348000E+02
0.93388000E+02
0.93428001E+02
0.93468002E+02
0.93508003E+02
0.93547997E+02
0.93587997E+02
0.93627998E+02
0.93667999E+02
0.93708000E+02
0.93748001E+02
0.93788002E+02
0.93828003E+02
0.93867996E+02
0.93907997E+02
0.93947998E+02
0.93987999E+02
0.94028000E+02
0.94068001E+02
0.94108002E+02
0.94148003E+02
0.94187996E+02
0.94227997E+02
0.94267998E+02
0.94307999E+02
0.94348000E+02
0.94388000E+02
0.94428001E+02
0.94468002E+02
0.94508003E+02
0.94547997E+02
0.94587997E+02
0.94627998E+02
0.94667999E+02
0.94708000E+02
0.94748001E+02
0.94788002E+02
0.94828003E+02
0.94867996E+02
0.94907997E+02
0.94947998E+02
0.94987999E+02
0.95028000E+02
0.95068001E+02
0.95108002E+02
0.95148003E+02
0.95187996E+02
0.95227997E+02
0.95267998E+02
0.95307999E+02
0.95348000E+02
0.95388000E+02
0.95428001E+02
0.95468002E+02
0.95508003E+02
0.95547997E+02
0.95587997E+02
0.95627998E+02
0.95667999E+02
0.95708000E+02
0.95748001E+02
0.95788002E+02
0.95828003E+02
0.95867996E+02
0.95907997E+02
0.95947998E+02
0.95987999E+02
0.96028000E+02
0.96068001E+02
0.96108002E+02
0.96148003E+02
0.96187996E+02
0.96227997E+02
0.96267998E+02
0.96307999E+02
0.96348000E+02
0.96388000E+02
0.96428001E+02
0.96468002E+02
0.96508003E+02
0.96547997E+02
0.96587997E+02
0.96627998E+02
0.96667999E+02
0.96708000E+02
0.96748001E+02
0.96788002E+02
0.96828003E+02
0.96867996E+02
0.96907997E+02
0.96947998E+02
0.96987999E+02
0.97028000E+02
0.97068001E+02
0.97108002E+02
0.97148003E+02
0.97187996E+02
0.97227997E+02
0.97267998E+02
0.97307999E+02
0.97348000E+02
0.97388000E+02
0.97428001E+02
0.97468002E+02
0.97508003E+02
0.97547997E+02
0.97587997E+02
0.97627998E+02
0.97667999E+02
0.97708000E+02
0.97748001E+02
0.97788002E+02
0.97828003E+02
0.97867996E+02
0.97907997E+02
0.97947998E+02
0.97987999E+02
0.98028000E+02
0.98068001E+02
0.98108002E+02
0.98148003E+02
0.98187996E+02
0.98227997E+02
0.98267998E+02
0.98307999E+02
0.98348000E+02
0.98388000E+02
0.98428001E+02
0.98468002E+02
0.98508003E+02
0.98547997E+02
0.98587997E+02
0.98627998E+02
0.98667999E+02
0.98708000E+02
0.98748001E+02
0.98788002E+02
0.98828003E+02
0.98867996E+02
0.98907997E+02
0.98947998E+02
0.98987999E+02
0.99028000E+02
0.99068001E+02
0.99108002E+02
0.99148003E+02
0.99187996E+02
0.99227997E+02
0.99267998E+02
0.99307999E+02
0.99348000E+02
0.99388000E+02
0.99428001E+02
0.99468002E+02
0.99508003E+02
0.99547997E+02
0.99587997E+02
0.99627998E+02
0.99667999E+02
0.99708000E+02
0.99748001E+02
0.99788002E+02
0.99828003E+02
0.99867996E+02
0.99907997E+02
0.99947998E+02
0.99987999E+02
0.10002800E+03
0.10006800E+03
0.10010800E+03
0.10014800E+03
0.10018800E+03
0.10022800E+03
0.10026800E+03
0.10030800E+03
0.10034800E+03
0.10038800E+03
0.10042800E+03
0.10046800E+03
0.10050800E+03
0.10054800E+03
0.10058800E+03
0.10062800E+03
0.10066800E+03
0.10070800E+03
0.10074800E+03
0.10078800E+03
0.10082800E+03
0.10086800E+03
0.10090800E+03
0.10094800E+03
0.10098800E+03
0.10102800E+03
0.10106800E+03
0.10110800E+03
0.10114800E+03
0.10118800E+03
0.10122800E+03
0.10126800E+03
0.10130800E+03
0.10134800E+03
0.10138800E+03
0.10142800E+03
0.10146800E+03
0.10150800E+03
0.10154800E+03
0.10158800E+03
0.10162800E+03
0.10166800E+03
0.10170800E+03
0.10174800E+03
0.10178800E+03
0.10182800E+03
0.10186800E+03
0.10190800E+03
0.10194800E+03
0.10198800E+03
0.10202800E+03
0.10206800E+03
0.10210800E+03
0.10214800E+03
0.10218800E+03
0.10222800E+03
0.10226800E+03
0.10230800E+03
0.10234800E+03
0.10238800E+03
0.10242800E+03
0.10246800E+03
0.10250800E+03
0.10254800E+03
0.10258800E+03
0.10262800E+03
0.10266800E+03
0.10270800E+03
0.10274800E+03
0.10278800E+03
0.10282800E+03
0.10286800E+03
0.10290800E+03
0.10294800E+03
0.10298800E+03
0.10302800E+03
0.10306800E+03
0.10310800E+03
0.10314800E+03
0.10318800E+03
0.10322800E+03
0.10326800E+03
0.10330800E+03
0.10334800E+03
0.10338800E+03
0.10342800E+03
0.10346800E+03
0.10350800E+03
0.10354800E+03
0.10358800E+03
0.10362800E+03
0.10366800E+03
0.10370800E+03
0.10374800E+03
0.10378800E+03
0.10382800E+03
0.10386800E+03
0.10390800E+03
0.10394800E+03
0.10398800E+03
0.10402800E+03
0.10406800E+03
0.10410800E+03
0.10414800E+03
0.10418800E+03
0.10422800E+03
0.10426800E+03
0.10430800E+03
0.10434800E+03
0.10438800E+03
0.10442800E+03
0.10446800E+03
0.10450800E+03
0.10454800E+03
0.10458800E+03
0.10462800E+03
0.10466800E+03
0.10470800E+03
0.10474800E+03
0.10478800E+03
0.10482800E+03
0.10486800E+03
0.10490800E+03
0.10494800E+03
0.10498800E+03
0.10502800E+03
0.10506800E+03
0.10510800E+03
0.10514800E+03
0.10518800E+03
0.10522800E+03
0.10526800E+03
0.10530800E+03
0.10534800E+03
0.10538800E+03
0.10542800E+03
0.10546800E+03
0.10550800E+03
0.10554800E+03
0.10558800E+03
0.10562800E+03
0.10566800E+03
0.10570800E+03
0.10574800E+03
0.10578800E+03
0.10582800E+03
0.10586800E+03
0.10590800E+03
0.10594800E+03
0.10598800E+03
0.10602800E+03
0.10606800E+03
0.10610800E+03
0.10614800E+03
0.10618800E+03
0.10622800E+03
0.10626800E+03
0.10630800E+03
0.10634800E+03
0.10638800E+03
0.10642800E+03
0.10646800E+03
0.10650800E+03
0.10654800E+03
0.10658800E+03
0.10662800E+03
0.10666800E+03
0.10670800E+03
0.10674800E+03
0.10678800E+03
0.10682800E+03
0.10686800E+03
0.10690800E+03
0.10694800E+03
0.10698800E+03
0.10702800E+03
0.10706800E+03
0.10710800E+03
0.10714800E+03
0.10718800E+03
0.10722800E+03
0.10726800E+03
0.10730800E+03
0.10734800E+03
0.10738800E+03
0.10742800E+03
0.10746800E+03
0.10750800E+03
0.10754800E+03
0.10758800E+03
0.10762800E+03
0.10766800E+03
0.10770800E+03
0.10774800E+03
0.10778800E+03
0.10782800E+03
0.10786800E+03
0.10790800E+03
0.10794800E+03
0.10798800E+03
0.10802800E+03
0.10806800E+03
0.10810800E+03
0.10814800E+03
0.10818800E+03
0.10822800E+03
0.10826800E+03
0.10830800E+03
0.10834800E+03
0.10838800E+03
0.10842800E+03
0.10846800E+03
0.10850800E+03
0.10854800E+03
0.10858800E+03
0.10862800E+03
0.10866800E+03
0.10870800E+03
0.10874800E+03
0.10878800E+03
0.10882800E+03
0.10886800E+03
0.10890800E+03
0.10894800E+03
0.10898800E+03
0.10902800E+03
0.10906800E+03
0.10910800E+03
0.10914800E+03
0.10918800E+03
0.10922800E+03
0.10926800E+03
0.10930800E+03
0.10934800E+03
0.10938800E+03
0.10942800E+03
0.10946800E+03
0.10950800E+03
0.10954800E+03
0.10958800E+03
0.10962800E+03
0.10966800E+03
0.10970800E+03
0.10974800E+03
0.10978800E+03
0.10982800E+03
0.10986800E+03
0.10990800E+03
0.10994800E+03
0.10998800E+03
0.11002800E+03
0.11006800E+03
0.11010800E+03
0.11014800E+03
0.11018800E+03
0.11022800E+03
0.11026800E+03
0.11030800E+03
0.11034800E+03
0.11038800E+03
0.11042800E+03
0.11046800E+03
0.11050800E+03
0.11054800E+03
0.11058800E+03
0.11062800E+03
0.11066800E+03
0.11070800E+03
0.11074800E+03
0.11078800E+03
0.11082800E+03
0.11086800E+03
0.11090800E+03
0.11094800E+03
0.11098800E+03
0.11102800E+03
0.11106800E+03
0.11110800E+03
0.11114800E+03
0.11118800E+03
0.11122800E+03
0.11126800E+03
0.11130800E+03
0.11134800E+03
0.11138800E+03
0.11142800E+03
0.11146800E+03
0.11150800E+03
0.11154800E+03
0.11158800E+03
0.11162800E+03
0.11166800E+03
0.11170800E+03
0.11174800E+03
0.11178800E+03
0.11182800E+03
0.11186800E+03
0.11190800E+03
0.11194800E+03
0.11198800E+03
0.11202800E+03
0.11206800E+03
0.11210800E+03
0.11214800E+03
0.11218800E+03
0.11222800E+03
0.11226800E+03
0.11230800E+03
0.11234800E+03
0.11238800E+03
0.11242800E+03
0.11246800E+03
0.11250800E+03
0.11254800E+03
0.11258800E+03
0.11262800E+03
0.11266800E+03
0.11270800E+03
0.11274800E+03
0.11278800E+03
0.11282800E+03
0.11286800E+03
0.11290800E+03
0.11294800E+03
0.11298800E+03
0.11302800E+03
0.11306800E+03
0.11310800E+03
0.11314800E+03
0.11318800E+03
0.11322800E+03
0.11326800E+03
0.11330800E+03
0.11334800E+03
0.11338800E+03
0.11342800E+03
0.11346800E+03
0.11350800E+03
0.11354800E+03
0.11358800E+03
0.11362800E+03
0.11366800E+03
0.11370800E+03
0.11374800E+03
0.11378800E+03
0.11382800E+03
0.11386800E+03
0.11390800E+03
0.11394800E+03
0.11398800E+03
0.11402800E+03
0.11406800E+03
0.11410800E+03
0.11414800E+03
0.11418800E+03
0.11422800E+03
0.11426800E+03
0.11430800E+03
0.11434800E+03
0.11438800E+03
0.11442800E+03
0.11446800E+03
0.11450800E+03
0.11454800E+03
0.11458800E+03
0.11462800E+03
0.11466800E+03
0.11470800E+03
0.11474800E+03
0.11478800E+03
0.11482800E+03
0.11486800E+03
0.11490800E+03
0.11494800E+03
0.11498800E+03
0.11502800E+03
0.11506800E+03
0.11510800E+03
0.11514800E+03
0.11518800E+03
0.11522800E+03
0.11526800E+03
0.11530800E+03
0.11534800E+03
0.11538800E+03
0.11542800E+03
0.11546800E+03
0.11550800E+03
0.11554800E+03
0.11558800E+03
0.11562800E+03
0.11566800E+03
0.11570800E+03
0.11574800E+03
0.11578800E+03
0.11582800E+03
0.11586800E+03
0.11590800E+03
0.11594800E+03
0.11598800E+03
0.11602800E+03
0.11606800E+03
0.11610800E+03
0.11614800E+03
0.11618800E+03
0.11622800E+03
0.11626800E+03
0.11630800E+03
0.11634800E+03
0.11638800E+03
0.11642800E+03
0.11646800E+03
0.11650800E+03
0.11654800E+03
0.11658800E+03
0.11662800E+03
0.11666800E+03
0.11670800E+03
0.11674800E+03
0.11678800E+03
0.11682800E+03
0.11686800E+03
0.11690800E+03
0.11694800E+03
0.11698800E+03
0.11702800E+03
0.11706800E+03
0.11710800E+03
0.11714800E+03
0.11718800E+03
0.11722800E+03
0.11726800E+03
0.11730800E+03
0.11734800E+03
0.11738800E+03
0.11742800E+03
0.11746800E+03
0.11750800E+03
0.11754800E+03
0.11758800E+03
0.11762800E+03
0.11766800E+03
0.11770800E+03
0.11774800E+03
0.11778800E+03
0.11782800E+03
0.11786800E+03
0.11790800E+03
0.11794800E+03
0.11798800E+03
0.11802800E+03
0.11806800E+03
0.11810800E+03
0.11814800E+03
0.11818800E+03
0.11822800E+03
0.11826800E+03
0.11830800E+03
0.11834800E+03
0.11838800E+03
0.11842800E+03
0.11846800E+03
0.11850800E+03
0.11854800E+03
0.11858800E+03
0.11862800E+03
0.11866800E+03
0.11870800E+03
0.11874800E+03
0.11878800E+03
0.11882800E+03
0.11886800E+03
0.11890800E+03
0.11894800E+03
0.11898800E+03
0.11902800E+03
0.11906800E+03
0.11910800E+03
0.11914800E+03
0.11918800E+03
0.11922800E+03
0.11926800E+03
0.11930800E+03
0.11934800E+03
0.11938800E+03
0.11942800E+03
0.11946800E+03
0.11950800E+03
0.11954800E+03
0.11958800E+03
0.11962800E+03
0.11966800E+03
0.11970800E+03
0.11974800E+03
0.11978800E+03
0.11982800E+03
0.11986800E+03
0.11990800E+03
0.11994800E+03
0.11998800E+03
0.12002800E+03
0.12006800E+03
0.12010800E+03
0.12014800E+03
0.12018800E+03
0.12022800E+03
0.12026800E+03
0.12030800E+03
0.12034800E+03
0.12038800E+03
0.12042800E+03
0.12046800E+03
0.12050800E+03
0.12054800E+03
0.12058800E+03
0.12062800E+03
0.12066800E+03
0.12070800E+03
0.12074800E+03
0.12078800E+03
0.12082800E+03
0.12086800E+03
0.12090800E+03
0.12094800E+03
0.12098800E+03
0.12102800E+03
0.12106800E+03
0.12110800E+03
0.12114800E+03
0.12118800E+03
0.12122800E+03
0.12126800E+03
0.12130800E+03
0.12134800E+03
0.12138800E+03
0.12142800E+03
0.12146800E+03
0.12150800E+03
0.12154800E+03
0.12158800E+03
0.12162800E+03
0.12166800E+03
0.12170800E+03
0.12174800E+03
0.12178800E+03
0.12182800E+03
0.12186800E+03
0.12190800E+03
0.12194800E+03
0.12198800E+03
0.12202800E+03
0.12206800E+03
0.12210800E+03
0.12214800E+03
0.12218800E+03
0.12222800E+03
0.12226800E+03
0.12230800E+03
0.12234800E+03
0.12238800E+03
0.12242800E+03
0.12246800E+03
0.12250800E+03
0.12254800E+03
0.12258800E+03
0.12262800E+03
0.12266800E+03
0.12270800E+03
0.12274800E+03
0.12278800E+03
0.12282800E+03
0.12286800E+03
0.12290800E+03
0.12294800E+03
0.12298800E+03
0.12302800E+03
0.12306800E+03
0.12310800E+03
0.12314800E+03
0.12318800E+03
0.12322800E+03
0.12326800E+03
0.12330800E+03
0.12334800E+03
0.12338800E+03
0.12342800E+03
0.12346800E+03
0.12350800E+03
0.12354800E+03
0.12358800E+03
0.12362800E+03
0.12366800E+03
0.12370800E+03
0.12374800E+03
0.12378800E+03
0.12382800E+03
0.12386800E+03
0.12390800E+03
0.12394800E+03
0.12398800E+03
0.12402800E+03
0.12406800E+03
0.12410800E+03
0.12414800E+03
0.12418800E+03
0.12422800E+03
0.12426800E+03
0.12430800E+03
0.12434800E+03
0.12438800E+03
0.12442800E+03
0.12446800E+03
0.12450800E+03
0.12454800E+03
0.12458800E+03
0.12462800E+03
0.12466800E+03
0.12470800E+03
0.12474800E+03
0.12478800E+03
0.12482800E+03
0.12486800E+03
0.12490800E+03
0.12494800E+03
0.12498800E+03
0.12502800E+03
0.12506800E+03
0.12510800E+03
0.12514800E+03
0.12518800E+03
0.12522800E+03
0.12526800E+03
0.12530800E+03
0.12534800E+03
0.12538800E+03
0.12542800E+03
0.12546800E+03
0.12550800E+03
0.12554800E+03
0.12558800E+03
0.12562800E+03
0.12566800E+03
0.12570800E+03
0.12574800E+03
0.12578800E+03
0.12582800E+03
0.12586800E+03
0.12590800E+03
0.12594800E+03
0.12598800E+03
0.12602800E+03
0.12606800E+03
0.12610800E+03
0.12614800E+03
0.12618800E+03
0.12622800E+03
0.12626800E+03
0.12630800E+03
0.12634800E+03
0.12638800E+03
0.12642800E+03
0.12646800E+03
0.12650800E+03
0.12654800E+03
0.12658800E+03
0.12662800E+03
0.12666800E+03
0.12670800E+03
0.12674800E+03
0.12678800E+03
0.12682800E+03
0.12686800E+03
0.12690800E+03
0.12694800E+03
0.12698800E+03
0.12702800E+03
0.12706800E+03
0.12710800E+03
0.12714799E+03
0.12718800E+03
0.12722800E+03
0.12726801E+03
0.12730800E+03
0.12734799E+03
0.12738800E+03
0.12742799E+03
0.12746800E+03
0.12750800E+03
0.12754800E+03
0.12758800E+03
0.12762801E+03
0.12766800E+03
0.12770799E+03
0.12774800E+03
0.12778799E+03
0.12782800E+03
0.12786800E+03
0.12790800E+03
0.12794800E+03
0.12798799E+03
0.12802800E+03
0.12806799E+03
0.12810800E+03
0.12814799E+03
0.12818800E+03
0.12822800E+03
0.12826801E+03
0.12830800E+03
0.12834799E+03
0.12838800E+03
0.12842799E+03
0.12846800E+03
0.12850800E+03
0.12854800E+03
0.12858800E+03
0.12862801E+03
0.12866800E+03
0.12870799E+03
0.12874800E+03
0.12878799E+03
0.12882800E+03
0.12886800E+03
0.12890800E+03
0.12894800E+03
0.12898799E+03
0.12902800E+03
0.12906799E+03
0.12910800E+03
0.12914799E+03
0.12918800E+03
0.12922800E+03
0.12926801E+03
0.12930800E+03
0.12934799E+03
0.12938800E+03
0.12942799E+03
0.12946800E+03
0.12950800E+03
0.12954800E+03
0.12958800E+03
0.12962801E+03
0.12966800E+03
0.12970799E+03
0.12974800E+03
0.12978799E+03
0.12982800E+03
0.12986800E+03
0.12990800E+03
0.12994800E+03
0.12998799E+03
0.13002800E+03
0.13006799E+03
0.13010800E+03
0.13014799E+03
0.13018800E+03
0.13022800E+03
0.13026801E+03
0.13030800E+03
0.13034799E+03
0.13038800E+03
0.13042799E+03
0.13046800E+03
0.13050800E+03
0.13054800E+03
0.13058800E+03
0.13062801E+03
0.13066800E+03
0.13070799E+03
0.13074800E+03
0.13078799E+03
0.13082800E+03
0.13086800E+03
0.13090800E+03
0.13094800E+03
0.13098799E+03
0.13102800E+03
0.13106799E+03
0.13110800E+03
0.13114799E+03
0.13118800E+03
0.13122800E+03
0.13126801E+03
0.13130800E+03
0.13134799E+03
0.13138800E+03
0.13142799E+03
0.13146800E+03
0.13150800E+03
0.13154800E+03
0.13158800E+03
0.13162801E+03
0.13166800E+03
0.13170799E+03
0.13174800E+03
0.13178799E+03
0.13182800E+03
0.13186800E+03
0.13190800E+03
0.13194800E+03
0.13198799E+03
0.13202800E+03
0.13206799E+03
0.13210800E+03
0.13214799E+03
0.13218800E+03
0.13222800E+03
0.13226801E+03
0.13230800E+03
0.13234799E+03
0.13238800E+03
0.13242799E+03
0.13246800E+03
0.13250800E+03
0.13254800E+03
0.13258800E+03
0.13262801E+03
0.13266800E+03
0.13270799E+03
0.13274800E+03
0.13278799E+03
0.13282800E+03
0.13286800E+03
0.13290800E+03
0.13294800E+03
0.13298799E+03
0.13302800E+03
0.13306799E+03
0.13310800E+03
0.13314799E+03
0.13318800E+03
0.13322800E+03
0.13326801E+03
0.13330800E+03
0.13334799E+03
0.13338800E+03
0.13342799E+03
0.13346800E+03
0.13350800E+03
0.13354800E+03
0.13358800E+03
0.13362801E+03
0.13366800E+03
0.13370799E+03
0.13374800E+03
0.13378799E+03
0.13382800E+03
0.13386800E+03
0.13390800E+03
0.13394800E+03
0.13398799E+03
0.13402800E+03
0.13406799E+03
0.13410800E+03
0.13414799E+03
0.13418800E+03
0.13422800E+03
0.13426801E+03
0.13430800E+03
0.13434799E+03
0.13438800E+03
0.13442799E+03
0.13446800E+03
0.13450800E+03
0.13454800E+03
0.13458800E+03
0.13462801E+03
0.13466800E+03
0.13470799E+03
0.13474800E+03
0.13478799E+03
0.13482800E+03
0.13486800E+03
0.13490800E+03
0.13494800E+03
0.13498799E+03
0.13502800E+03
0.13506799E+03
0.13510800E+03
0.13514799E+03
0.13518800E+03
0.13522800E+03
0.13526801E+03
0.13530800E+03
0.13534799E+03
0.13538800E+03
0.13542799E+03
0.13546800E+03
0.13550800E+03
0.13554800E+03
0.13558800E+03
0.13562801E+03
0.13566800E+03
0.13570799E+03
0.13574800E+03
0.13578799E+03
0.13582800E+03
0.13586800E+03
0.13590800E+03
0.13594800E+03
0.13598799E+03
0.13602800E+03
0.13606799E+03
0.13610800E+03
0.13614799E+03
0.13618800E+03
0.13622800E+03
0.13626801E+03
0.13630800E+03
0.13634799E+03
0.13638800E+03
0.13642799E+03
0.13646800E+03
0.13650800E+03
0.13654800E+03
0.13658800E+03
0.13662801E+03
0.13666800E+03
0.13670799E+03
0.13674800E+03
0.13678799E+03
0.13682800E+03
0.13686800E+03
0.13690800E+03
0.13694800E+03
0.13698799E+03
0.13702800E+03
0.13706799E+03
0.13710800E+03
0.13714799E+03
0.13718800E+03
0.13722800E+03
0.13726801E+03
0.13730800E+03
0.13734799E+03
0.13738800E+03
0.13742799E+03
0.13746800E+03
0.13750800E+03
0.13754800E+03
0.13758800E+03
0.13762801E+03
0.13766800E+03
0.13770799E+03
0.13774800E+03
0.13778799E+03
0.13782800E+03
0.13786800E+03
0.13790800E+03
0.13794800E+03
0.13798799E+03
0.13802800E+03
0.13806799E+03
0.13810800E+03
0.13814799E+03
0.13818800E+03
0.13822800E+03
0.13826801E+03
0.13830800E+03
0.13834799E+03
0.13838800E+03
0.13842799E+03
0.13846800E+03
0.13850800E+03
0.13854800E+03
0.13858800E+03
0.13862801E+03
0.13866800E+03
0.13870799E+03
0.13874800E+03
0.13878799E+03
0.13882800E+03
0.13886800E+03
0.13890800E+03
0.13894800E+03
0.13898799E+03
0.13902800E+03
0.13906799E+03
0.13910800E+03
0.13914799E+03
0.13918800E+03
0.13922800E+03
0.13926801E+03
0.13930800E+03
0.13934799E+03
0.13938800E+03
0.13942799E+03
0.13946800E+03
0.13950800E+03
0.13954800E+03
0.13958800E+03
0.13962801E+03
0.13966800E+03
0.13970799E+03
0.13974800E+03
0.13978799E+03
0.13982800E+03
0.13986800E+03
0.13990800E+03
0.13994800E+03
0.13998799E+03
0.14002800E+03
0.14006799E+03
0.14010800E+03
0.14014799E+03
0.14018800E+03
0.14022800E+03
0.14026801E+03
0.14030800E+03
0.14034799E+03
0.14038800E+03
0.14042799E+03
0.14046800E+03
0.14050800E+03
0.14054800E+03
0.14058800E+03
0.14062801E+03
0.14066800E+03
0.14070799E+03
0.14074800E+03
0.14078799E+03
0.14082800E+03
0.14086800E+03
0.14090800E+03
0.14094800E+03
0.14098799E+03
0.14102800E+03
0.14106799E+03
0.14110800E+03
0.14114799E+03
0.14118800E+03
0.14122800E+03
0.14126801E+03
0.14130800E+03
0.14134799E+03
0.14138800E+03
0.14142799E+03
0.14146800E+03
0.14150800E+03
0.14154800E+03
0.14158800E+03
0.14162801E+03
0.14166800E+03
0.14170799E+03
0.14174800E+03
0.14178799E+03
0.14182800E+03
0.14186800E+03
0.14190800E+03
0.14194800E+03
0.14198799E+03
0.14202800E+03
0.14206799E+03
0.14210800E+03
0.14214799E+03
0.14218800E+03
0.14222800E+03
0.14226801E+03
0.14230800E+03
0.14234799E+03
0.14238800E+03
0.14242799E+03
0.14246800E+03
0.14250800E+03
0.14254800E+03
0.14258800E+03
0.14262801E+03
0.14266800E+03
0.14270799E+03
0.14274800E+03
0.14278799E+03
0.14282800E+03
0.14286800E+03
0.14290800E+03
0.14294800E+03
0.14298799E+03
0.14302800E+03
0.14306799E+03
0.14310800E+03
0.14314799E+03
0.14318800E+03
0.14322800E+03
0.14326801E+03
0.14330800E+03
0.14334799E+03
0.14338800E+03
0.14342799E+03
0.14346800E+03
0.14350800E+03
0.14354800E+03
0.14358800E+03
0.14362801E+03
0.14366800E+03
0.14370799E+03
0.14374800E+03
0.14378799E+03
0.14382800E+03
0.14386800E+03
0.14390800E+03
0.14394800E+03
0.14398799E+03
0.14402800E+03
0.14406799E+03
0.14410800E+03
0.14414799E+03
0.14418800E+03
0.14422800E+03
0.14426801E+03
0.14430800E+03
0.14434799E+03
0.14438800E+03
0.14442799E+03
0.14446800E+03
0.14450800E+03
0.14454800E+03
0.14458800E+03
0.14462801E+03
0.14466800E+03
0.14470799E+03
0.14474800E+03
0.14478799E+03
0.14482800E+03
0.14486800E+03
0.14490800E+03
0.14494800E+03
0.14498799E+03
0.14502800E+03
0.14506799E+03
0.14510800E+03
0.14514799E+03
0.14518800E+03
0.14522800E+03
0.14526801E+03
0.14530800E+03
0.14534799E+03
0.14538800E+03
0.14542799E+03
0.14546800E+03
0.14550800E+03
0.14554800E+03
0.14558800E+03
0.14562801E+03
0.14566800E+03
0.14570799E+03
0.14574800E+03
0.14578799E+03
0.14582800E+03
0.14586800E+03
0.14590800E+03
0.14594800E+03
0.14598799E+03
0.14602800E+03
0.14606799E+03
0.14610800E+03
0.14614799E+03
0.14618800E+03
0.14622800E+03
0.14626801E+03
0.14630800E+03
0.14634799E+03
0.14638800E+03
0.14642799E+03
0.14646800E+03
0.14650800E+03
0.14654800E+03
0.14658800E+03
0.14662801E+03
0.14666800E+03
0.14670799E+03
0.14674800E+03
0.14678799E+03
0.14682800E+03
0.14686800E+03
0.14690800E+03
0.14694800E+03
0.14698799E+03
0.14702800E+03
0.14706799E+03
0.14710800E+03
0.14714799E+03
0.14718800E+03
0.14722800E+03
0.14726801E+03
0.14730800E+03
0.14734799E+03
0.14738800E+03
0.14742799E+03
0.14746800E+03
0.14750800E+03
0.14754800E+03
0.14758800E+03
0.14762801E+03
0.14766800E+03
0.14770799E+03
0.14774800E+03
0.14778799E+03
0.14782800E+03
0.14786800E+03
0.14790800E+03
0.14794800E+03
0.14798799E+03
0.14802800E+03
0.14806799E+03
0.14810800E+03
0.14814799E+03
0.14818800E+03
0.14822800E+03
0.14826801E+03
0.14830800E+03
0.14834799E+03
0.14838800E+03
0.14842799E+03
0.14846800E+03
0.14850800E+03
0.14854800E+03
0.14858800E+03
0.14862801E+03
0.14866800E+03
0.14870799E+03
0.14874800E+03
0.14878799E+03
0.14882800E+03
0.14886800E+03
0.14890800E+03
0.14894800E+03
0.14898799E+03
0.14902800E+03
0.14906799E+03
0.14910800E+03
0.14914799E+03
0.14918800E+03
0.14922800E+03
0.14926801E+03
0.14930800E+03
0.14934799E+03
0.14938800E+03
0.14942799E+03
0.14946800E+03
0.14950800E+03
0.14954800E+03
0.14958800E+03
0.14962799E+03
0.14966800E+03
0.14970799E+03
0.14974800E+03
0.14978799E+03
0.14982800E+03
0.14986800E+03
0.14990800E+03
0.14994800E+03
0.14998799E+03
0.15002800E+03
0.15006799E+03
0.15010800E+03
0.15014799E+03
0.15018800E+03
0.15022800E+03
0.15026801E+03
0.15030800E+03
0.15034799E+03
0.15038800E+03
0.15042799E+03
0.15046800E+03
0.15050800E+03
0.15054800E+03
0.15058800E+03
0.15062799E+03
0.15066800E+03
0.15070799E+03
0.15074800E+03
0.15078799E+03
0.15082800E+03
0.15086800E+03
0.15090800E+03
0.15094800E+03
0.15098799E+03
0.15102800E+03
0.15106799E+03
0.15110800E+03
0.15114799E+03
0.15118800E+03
0.15122800E+03
0.15126801E+03
0.15130800E+03
0.15134799E+03
0.15138800E+03
0.15142799E+03
0.15146800E+03
0.15150800E+03
0.15154800E+03
0.15158800E+03
0.15162799E+03
0.15166800E+03
0.15170799E+03
0.15174800E+03
0.15178799E+03
0.15182800E+03
0.15186800E+03
0.15190800E+03
0.15194800E+03
0.15198799E+03
0.15202800E+03
0.15206799E+03
0.15210800E+03
0.15214799E+03
0.15218800E+03
0.15222800E+03
0.15226801E+03
0.15230800E+03
0.15234799E+03
0.15238800E+03
0.15242799E+03
0.15246800E+03
0.15250800E+03
0.15254800E+03
0.15258800E+03
0.15262799E+03
0.15266800E+03
0.15270799E+03
0.15274800E+03
0.15278799E+03
0.15282800E+03
0.15286800E+03
0.15290800E+03
0.15294800E+03
0.15298799E+03
0.15302800E+03
0.15306799E+03
0.15310800E+03
0.15314799E+03
0.15318800E+03
0.15322800E+03
0.15326801E+03
0.15330800E+03
0.15334799E+03
0.15338800E+03
0.15342799E+03
0.15346800E+03
0.15350800E+03
0.15354800E+03
0.15358800E+03
0.15362799E+03
0.15366800E+03
0.15370799E+03
0.15374800E+03
0.15378799E+03
0.15382800E+03
0.15386800E+03
0.15390800E+03
0.15394800E+03
0.15398799E+03
0.15402800E+03
0.15406799E+03
0.15410800E+03
0.15414799E+03
0.15418800E+03
0.15422800E+03
0.15426801E+03
0.15430800E+03
0.15434799E+03
0.15438800E+03
0.15442799E+03
0.15446800E+03
0.15450800E+03
0.15454800E+03
0.15458800E+03
0.15462799E+03
0.15466800E+03
0.15470799E+03
0.15474800E+03
0.15478799E+03
0.15482800E+03
0.15486800E+03
0.15490800E+03
0.15494800E+03
0.15498799E+03
0.15502800E+03
0.15506799E+03
0.15510800E+03
0.15514799E+03
0.15518800E+03
0.15522800E+03
0.15526801E+03
0.15530800E+03
0.15534799E+03
0.15538800E+03
0.15542799E+03
0.15546800E+03
0.15550800E+03
0.15554800E+03
0.15558800E+03
0.15562799E+03
0.15566800E+03
0.15570799E+03
0.15574800E+03
0.15578799E+03
0.15582800E+03
0.15586800E+03
0.15590800E+03
0.15594800E+03
0.15598799E+03
0.15602800E+03
0.15606799E+03
0.15610800E+03
0.15614799E+03
0.15618800E+03
0.15622800E+03
0.15626801E+03
0.15630800E+03
0.15634799E+03
0.15638800E+03
0.15642799E+03
0.15646800E+03
0.15650800E+03
0.15654800E+03
0.15658800E+03
0.15662799E+03
0.15666800E+03
0.15670799E+03
0.15674800E+03
0.15678799E+03
0.15682800E+03
0.15686800E+03
0.15690800E+03
0.15694800E+03
0.15698799E+03
0.15702800E+03
0.15706799E+03
0.15710800E+03
0.15714799E+03
0.15718800E+03
0.15722800E+03
0.15726801E+03
0.15730800E+03
0.15734799E+03
0.15738800E+03
0.15742799E+03
0.15746800E+03
0.15750800E+03
0.15754800E+03
0.15758800E+03
0.15762799E+03
0.15766800E+03
0.15770799E+03
0.15774800E+03
0.15778799E+03
0.15782800E+03
0.15786800E+03
0.15790800E+03
0.15794800E+03
0.15798799E+03
0.15802800E+03
0.15806799E+03
0.15810800E+03
0.15814799E+03
0.15818800E+03
0.15822800E+03
0.15826801E+03
0.15830800E+03
0.15834799E+03
0.15838800E+03
0.15842799E+03
0.15846800E+03
0.15850800E+03
0.15854800E+03
0.15858800E+03
0.15862799E+03
0.15866800E+03
0.15870799E+03
0.15874800E+03
0.15878799E+03
0.15882800E+03
0.15886800E+03
0.15890800E+03
0.15894800E+03
0.15898799E+03
0.15902800E+03
0.15906799E+03
0.15910800E+03
0.15914799E+03
0.15918800E+03
0.15922800E+03
0.15926801E+03
0.15930800E+03
0.15934799E+03
0.15938800E+03
0.15942799E+03
0.15946800E+03
0.15950800E+03
0.15954800E+03
0.15958800E+03
0.15962799E+03
0.15966800E+03
0.15970799E+03
0.15974800E+03
0.15978799E+03
0.15982800E+03
0.15986800E+03
0.15990800E+03
0.15994800E+03
0.15998799E+03
0.16002800E+03
0.16006799E+03
0.16010800E+03
0.16014799E+03
0.16018800E+03
0.16022800E+03
0.16026801E+03
0.16030800E+03
0.16034799E+03
0.16038800E+03
0.16042799E+03
0.16046800E+03
0.16050800E+03
0.16054800E+03
0.16058800E+03
0.16062799E+03
0.16066800E+03
0.16070799E+03
0.16074800E+03
0.16078799E+03
0.16082800E+03
0.16086800E+03
0.16090800E+03
0.16094800E+03
0.16098799E+03
0.16102800E+03
0.16106799E+03
0.16110800E+03
0.16114799E+03
0.16118800E+03
0.16122800E+03
0.16126801E+03
0.16130800E+03
0.16134799E+03
0.16138800E+03
0.16142799E+03
0.16146800E+03
0.16150800E+03
0.16154800E+03
0.16158800E+03
0.16162799E+03
0.16166800E+03
0.16170799E+03
0.16174800E+03
0.16178799E+03
0.16182800E+03
0.16186800E+03
0.16190800E+03
0.16194800E+03
0.16198799E+03
0.16202800E+03
0.16206799E+03
0.16210800E+03
0.16214799E+03
0.16218800E+03
0.16222800E+03
0.16226801E+03
0.16230800E+03
0.16234799E+03
0.16238800E+03
0.16242799E+03
0.16246800E+03
0.16250800E+03
0.16254800E+03
0.16258800E+03
0.16262799E+03
0.16266800E+03
0.16270799E+03
0.16274800E+03
0.16278799E+03
0.16282800E+03
0.16286800E+03
0.16290800E+03
0.16294800E+03
0.16298799E+03
0.16302800E+03
0.16306799E+03
0.16310800E+03
0.16314799E+03
0.16318800E+03
0.16322800E+03
0.16326801E+03
0.16330800E+03
0.16334799E+03
0.16338800E+03
0.16342799E+03
0.16346800E+03
0.16350800E+03
0.16354800E+03
0.16358800E+03
0.16362799E+03
0.16366800E+03
0.16370799E+03
0.16374800E+03
0.16378799E+03
0.16382800E+03
0.16386800E+03
0.16390800E+03
0.16394800E+03
0.16398799E+03
0.16402800E+03
0.16406799E+03
0.16410800E+03
0.16414799E+03
0.16418800E+03
0.16422800E+03
0.16426801E+03
0.16430800E+03
0.16434799E+03
0.16438800E+03
0.16442799E+03
0.16446800E+03
0.16450800E+03
0.16454800E+03
0.16458800E+03
0.16462799E+03
0.16466800E+03
0.16470799E+03
0.16474800E+03
0.16478799E+03
0.16482800E+03
0.16486800E+03
0.16490800E+03
0.16494800E+03
0.16498799E+03
0.16502800E+03
0.16506799E+03
0.16510800E+03
0.16514799E+03
0.16518800E+03
0.16522800E+03
0.16526801E+03
0.16530800E+03
0.16534799E+03
0.16538800E+03
0.16542799E+03
0.16546800E+03
0.16550800E+03
0.16554800E+03
0.16558800E+03
0.16562799E+03
0.16566800E+03
0.16570799E+03
0.16574800E+03
0.16578799E+03
0.16582800E+03
0.16586800E+03
0.16590800E+03
0.16594800E+03
0.16598799E+03
0.16602800E+03
0.16606799E+03
0.16610800E+03
0.16614799E+03
0.16618800E+03
0.16622800E+03
0.16626801E+03
0.16630800E+03
0.16634799E+03
0.16638800E+03
0.16642799E+03
0.16646800E+03
0.16650800E+03
0.16654800E+03
0.16658800E+03
0.16662799E+03
0.16666800E+03
0.16670799E+03
0.16674800E+03
0.16678799E+03
0.16682800E+03
0.16686800E+03
0.16690800E+03
0.16694800E+03
0.16698799E+03
0.16702800E+03
0.16706799E+03
0.16710800E+03
0.16714799E+03
0.16718800E+03
0.16722800E+03
0.16726801E+03
0.16730800E+03
0.16734799E+03
0.16738800E+03
0.16742799E+03
0.16746800E+03
0.16750800E+03
0.16754800E+03
0.16758800E+03
0.16762799E+03
0.16766800E+03
0.16770799E+03
0.16774800E+03
0.16778799E+03
0.16782800E+03
0.16786800E+03
0.16790800E+03
0.16794800E+03
0.16798799E+03
0.16802800E+03
0.16806799E+03
0.16810800E+03
0.16814799E+03
0.16818800E+03
0.16822800E+03
0.16826801E+03
0.16830800E+03
0.16834799E+03
0.16838800E+03
0.16842799E+03
0.16846800E+03
0.16850800E+03
0.16854800E+03
0.16858800E+03
0.16862799E+03
0.16866800E+03
0.16870799E+03
0.16874800E+03
0.16878799E+03
0.16882800E+03
0.16886800E+03
0.16890800E+03
0.16894800E+03
0.16898799E+03
0.16902800E+03
0.16906799E+03
0.16910800E+03
0.16914799E+03
0.16918800E+03
0.16922800E+03
0.16926801E+03
0.16930800E+03
0.16934799E+03
0.16938800E+03
0.16942799E+03
0.16946800E+03
0.16950800E+03
0.16954800E+03
0.16958800E+03
0.16962799E+03
0.16966800E+03
0.16970799E+03
0.16974800E+03
0.16978799E+03
0.16982800E+03
0.16986800E+03
0.16990800E+03
0.16994800E+03
0.16998799E+03
0.17002800E+03
0.17006799E+03
0.17010800E+03
0.17014799E+03
0.17018800E+03
0.17022800E+03
0.17026801E+03
0.17030800E+03
0.17034799E+03
0.17038800E+03
0.17042799E+03
0.17046800E+03
0.17050800E+03
0.17054800E+03
0.17058800E+03
0.17062799E+03
0.17066800E+03
0.17070799E+03
0.17074800E+03
0.17078799E+03
0.17082800E+03
0.17086800E+03
0.17090800E+03
0.17094800E+03
0.17098799E+03
0.17102800E+03
0.17106799E+03
0.17110800E+03
0.17114799E+03
0.17118800E+03
0.17122800E+03
0.17126801E+03
0.17130800E+03
0.17134799E+03
0.17138800E+03
0.17142799E+03
0.17146800E+03
0.17150800E+03
0.17154800E+03
0.17158800E+03
0.17162799E+03
0.17166800E+03
0.17170799E+03
0.17174800E+03
0.17178799E+03
0.17182800E+03
0.17186800E+03
0.17190800E+03
0.17194800E+03
0.17198799E+03
0.17202800E+03
0.17206799E+03
0.17210800E+03
0.17214799E+03
0.17218800E+03
0.17222800E+03
0.17226801E+03
0.17230800E+03
0.17234799E+03
0.17238800E+03
0.17242799E+03
0.17246800E+03
0.17250800E+03
0.17254800E+03
0.17258800E+03
0.17262799E+03
0.17266800E+03
0.17270799E+03
0.17274800E+03
0.17278799E+03
0.17282800E+03
0.17286800E+03
0.17290800E+03
0.17294800E+03
0.17298799E+03
0.17302800E+03
0.17306799E+03
0.17310800E+03
0.17314799E+03
0.17318800E+03
0.17322800E+03
0.17326801E+03
0.17330800E+03
0.17334799E+03
0.17338800E+03
0.17342799E+03
0.17346800E+03
0.17350800E+03
0.17354800E+03
0.17358800E+03
0.17362799E+03
0.17366800E+03
0.17370799E+03
0.17374800E+03
0.17378799E+03
0.17382800E+03
0.17386800E+03
0.17390800E+03
0.17394800E+03
0.17398799E+03
0.17402800E+03
0.17406799E+03
0.17410800E+03
0.17414799E+03
0.17418800E+03
0.17422800E+03
0.17426801E+03
0.17430800E+03
0.17434799E+03
0.17438800E+03
0.17442799E+03
0.17446800E+03
0.17450800E+03
0.17454800E+03
0.17458800E+03
0.17462799E+03
0.17466800E+03
0.17470799E+03
0.17474800E+03
0.17478799E+03
0.17482800E+03
0.17486800E+03
0.17490800E+03
0.17494800E+03
0.17498799E+03
0.17502800E+03
0.17506799E+03
0.17510800E+03
0.17514799E+03
0.17518800E+03
0.17522800E+03
0.17526801E+03
0.17530800E+03
0.17534799E+03
0.17538800E+03
0.17542799E+03
0.17546800E+03
0.17550800E+03
0.17554800E+03
0.17558800E+03
0.17562799E+03
0.17566800E+03
0.17570799E+03
0.17574800E+03
0.17578799E+03
0.17582800E+03
0.17586800E+03
0.17590800E+03
0.17594800E+03
0.17598799E+03
0.17602800E+03
0.17606799E+03
0.17610800E+03
0.17614799E+03
0.17618800E+03
0.17622800E+03
0.17626801E+03
0.17630800E+03
0.17634799E+03
0.17638800E+03
0.17642799E+03
0.17646800E+03
0.17650800E+03
0.17654800E+03
0.17658800E+03
0.17662799E+03
0.17666800E+03
0.17670799E+03
0.17674800E+03
0.17678799E+03
0.17682800E+03
0.17686800E+03
0.17690800E+03
0.17694800E+03
0.17698799E+03
0.17702800E+03
0.17706799E+03
0.17710800E+03
0.17714799E+03
0.17718800E+03
0.17722800E+03
0.17726799E+03
0.17730800E+03
0.17734799E+03
0.17738800E+03
0.17742799E+03
0.17746800E+03
0.17750800E+03
0.17754800E+03
0.17758800E+03
0.17762799E+03
0.17766800E+03
0.17770799E+03
0.17774800E+03
0.17778799E+03
0.17782800E+03
0.17786800E+03
0.17790800E+03
0.17794800E+03
0.17798799E+03
0.17802800E+03
0.17806799E+03
0.17810800E+03
0.17814799E+03
0.17818800E+03
0.17822800E+03
0.17826799E+03
0.17830800E+03
0.17834799E+03
0.17838800E+03
0.17842799E+03
0.17846800E+03
0.17850800E+03
0.17854800E+03
0.17858800E+03
0.17862799E+03
0.17866800E+03
0.17870799E+03
0.17874800E+03
0.17878799E+03
0.17882800E+03
0.17886800E+03
0.17890800E+03
0.17894800E+03
0.17898799E+03
0.17902800E+03
0.17906799E+03
0.17910800E+03
0.17914799E+03
0.17918800E+03
0.17922800E+03
0.17926799E+03
0.17930800E+03
0.17934799E+03
0.17938800E+03
0.17942799E+03
0.17946800E+03
0.17950800E+03
0.17954800E+03
0.17958800E+03
0.17962799E+03
0.17966800E+03
0.17970799E+03
0.17974800E+03
0.17978799E+03
0.17982800E+03
0.17986800E+03
0.17990800E+03
0.17994800E+03
0.17998799E+03
0.18002800E+03
0.18006799E+03
0.18010800E+03
0.18014799E+03
0.18018800E+03
0.18022800E+03
0.18026799E+03
0.18030800E+03
0.18034799E+03
0.18038800E+03
0.18042799E+03
0.18046800E+03
0.18050800E+03
0.18054800E+03
0.18058800E+03
0.18062799E+03
0.18066800E+03
0.18070799E+03
0.18074800E+03
0.18078799E+03
0.18082800E+03
0.18086800E+03
0.18090800E+03
0.18094800E+03
0.18098799E+03
0.18102800E+03
0.18106799E+03
0.18110800E+03
0.18114799E+03
0.18118800E+03
0.18122800E+03
0.18126799E+03
0.18130800E+03
0.18134799E+03
0.18138800E+03
0.18142799E+03
0.18146800E+03
0.18150800E+03
0.18154800E+03
0.18158800E+03
0.18162799E+03
0.18166800E+03
0.18170799E+03
0.18174800E+03
0.18178799E+03
0.18182800E+03
0.18186800E+03
0.18190800E+03
0.18194800E+03
0.18198799E+03
0.18202800E+03
0.18206799E+03
0.18210800E+03
0.18214799E+03
0.18218800E+03
0.18222800E+03
0.18226799E+03
0.18230800E+03
0.18234799E+03
0.18238800E+03
0.18242799E+03
0.18246800E+03
0.18250800E+03
0.18254800E+03
0.18258800E+03
0.18262799E+03
0.18266800E+03
0.18270799E+03
0.18274800E+03
0.18278799E+03
0.18282800E+03
0.18286800E+03
0.18290800E+03
0.18294800E+03
0.18298799E+03
0.18302800E+03
0.18306799E+03
0.18310800E+03
0.18314799E+03
0.18318800E+03
0.18322800E+03
0.18326799E+03
0.18330800E+03
0.18334799E+03
0.18338800E+03
0.18342799E+03
0.18346800E+03
0.18350800E+03
0.18354800E+03
0.18358800E+03
0.18362799E+03
0.18366800E+03
0.18370799E+03
0.18374800E+03
0.18378799E+03
0.18382800E+03
0.18386800E+03
0.18390800E+03
0.18394800E+03
0.18398799E+03
0.18402800E+03
0.18406799E+03
0.18410800E+03
0.18414799E+03
0.18418800E+03
0.18422800E+03
0.18426799E+03
0.18430800E+03
0.18434799E+03
0.18438800E+03
0.18442799E+03
0.18446800E+03
0.18450800E+03
0.18454800E+03
0.18458800E+03
0.18462799E+03
0.18466800E+03
0.18470799E+03
0.18474800E+03
0.18478799E+03
0.18482800E+03
0.18486800E+03
0.18490800E+03
0.18494800E+03
0.18498799E+03
0.18502800E+03
0.18506799E+03
0.18510800E+03
0.18514799E+03
0.18518800E+03
0.18522800E+03
0.18526799E+03
0.18530800E+03
0.18534799E+03
0.18538800E+03
0.18542799E+03
0.18546800E+03
0.18550800E+03
0.18554800E+03
0.18558800E+03
0.18562799E+03
0.18566800E+03
0.18570799E+03
0.18574800E+03
0.18578799E+03
0.18582800E+03
0.18586800E+03
0.18590800E+03
0.18594800E+03
0.18598799E+03
0.18602800E+03
0.18606799E+03
0.18610800E+03
0.18614799E+03
0.18618800E+03
0.18622800E+03
0.18626799E+03
0.18630800E+03
0.18634799E+03
0.18638800E+03
0.18642799E+03
0.18646800E+03
0.18650800E+03
0.18654800E+03
0.18658800E+03
0.18662799E+03
0.18666800E+03
0.18670799E+03
0.18674800E+03
0.18678799E+03
0.18682800E+03
0.18686800E+03
0.18690800E+03
0.18694800E+03
0.18698799E+03
0.18702800E+03
0.18706799E+03
0.18710800E+03
0.18714799E+03
0.18718800E+03
0.18722800E+03
0.18726799E+03
0.18730800E+03
0.18734799E+03
0.18738800E+03
0.18742799E+03
0.18746800E+03
0.18750800E+03
0.18754800E+03
0.18758800E+03
0.18762799E+03
0.18766800E+03
0.18770799E+03
0.18774800E+03
0.18778799E+03
0.18782800E+03
0.18786800E+03
0.18790800E+03
0.18794800E+03
0.18798799E+03
0.18802800E+03
0.18806799E+03
0.18810800E+03
0.18814799E+03
0.18818800E+03
0.18822800E+03
0.18826799E+03
0.18830800E+03
0.18834799E+03
0.18838800E+03
0.18842799E+03
0.18846800E+03
0.18850800E+03
0.18854800E+03
0.18858800E+03
0.18862799E+03
0.18866800E+03
0.18870799E+03
0.18874800E+03
0.18878799E+03
0.18882800E+03
0.18886800E+03
0.18890800E+03
0.18894800E+03
0.18898799E+03
0.18902800E+03
0.18906799E+03
0.18910800E+03
0.18914799E+03
0.18918800E+03
0.18922800E+03
0.18926799E+03
0.18930800E+03
0.18934799E+03
0.18938800E+03
0.18942799E+03
0.18946800E+03
0.18950800E+03
0.18954800E+03
0.18958800E+03
0.18962799E+03
0.18966800E+03
0.18970799E+03
0.18974800E+03
0.18978799E+03
0.18982800E+03
0.18986800E+03
0.18990800E+03
0.18994800E+03
0.18998799E+03
0.19002800E+03
0.19006799E+03
0.19010800E+03
0.19014799E+03
0.19018800E+03
0.19022800E+03
0.19026799E+03
0.19030800E+03
0.19034799E+03
0.19038800E+03
0.19042799E+03
0.19046800E+03
0.19050800E+03
0.19054800E+03
0.19058800E+03
0.19062799E+03
0.19066800E+03
0.19070799E+03
0.19074800E+03
0.19078799E+03
0.19082800E+03
0.19086800E+03
0.19090800E+03
0.19094800E+03
0.19098799E+03
0.19102800E+03
0.19106799E+03
0.19110800E+03
0.19114799E+03
0.19118800E+03
0.19122800E+03
0.19126799E+03
0.19130800E+03
0.19134799E+03
0.19138800E+03
0.19142799E+03
0.19146800E+03
0.19150800E+03
0.19154800E+03
0.19158800E+03
0.19162799E+03
0.19166800E+03
0.19170799E+03
0.19174800E+03
0.19178799E+03
0.19182800E+03
0.19186800E+03
0.19190800E+03
0.19194800E+03
0.19198799E+03
0.19202800E+03
0.19206799E+03
0.19210800E+03
0.19214799E+03
0.19218800E+03
0.19222800E+03
0.19226799E+03
0.19230800E+03
0.19234799E+03
0.19238800E+03
0.19242799E+03
0.19246800E+03
0.19250800E+03
0.19254800E+03
0.19258800E+03
0.19262799E+03
0.19266800E+03
0.19270799E+03
0.19274800E+03
0.19278799E+03
0.19282800E+03
0.19286800E+03
0.19290800E+03
0.19294800E+03
0.19298799E+03
0.19302800E+03
0.19306799E+03
0.19310800E+03
0.19314799E+03
0.19318800E+03
0.19322800E+03
0.19326799E+03
0.19330800E+03
0.19334799E+03
0.19338800E+03
0.19342799E+03
0.19346800E+03
0.19350800E+03
0.19354800E+03
0.19358800E+03
0.19362799E+03
0.19366800E+03
0.19370799E+03
0.19374800E+03
0.19378799E+03
0.19382800E+03
0.19386800E+03
0.19390800E+03
0.19394800E+03
0.19398799E+03
0.19402800E+03
0.19406799E+03
0.19410800E+03
0.19414799E+03
0.19418800E+03
0.19422800E+03
0.19426799E+03
0.19430800E+03
0.19434799E+03
0.19438800E+03
0.19442799E+03
0.19446800E+03
0.19450800E+03
0.19454800E+03
0.19458800E+03
0.19462799E+03
0.19466800E+03
0.19470799E+03
0.19474800E+03
0.19478799E+03
0.19482800E+03
0.19486800E+03
0.19490800E+03
0.19494800E+03
0.19498799E+03
0.19502800E+03
0.19506799E+03
0.19510800E+03
0.19514799E+03
0.19518800E+03
0.19522800E+03
0.19526799E+03
0.19530800E+03
0.19534799E+03
0.19538800E+03
0.19542799E+03
0.19546800E+03
0.19550800E+03
0.19554800E+03
0.19558800E+03
0.19562799E+03
0.19566800E+03
0.19570799E+03
0.19574800E+03
0.19578799E+03
0.19582800E+03
0.19586800E+03
0.19590800E+03
0.19594800E+03
0.19598799E+03
0.19602800E+03
0.19606799E+03
0.19610800E+03
0.19614799E+03
0.19618800E+03
0.19622800E+03
0.19626799E+03
0.19630800E+03
0.19634799E+03
0.19638800E+03
0.19642799E+03
0.19646800E+03
0.19650800E+03
0.19654800E+03
0.19658800E+03
0.19662799E+03
0.19666800E+03
0.19670799E+03
0.19674800E+03
0.19678799E+03
0.19682800E+03
0.19686800E+03
0.19690800E+03
0.19694800E+03
0.19698799E+03
0.19702800E+03
0.19706799E+03
0.19710800E+03
0.19714799E+03
0.19718800E+03
0.19722800E+03
0.19726799E+03
0.19730800E+03
0.19734799E+03
0.19738800E+03
0.19742799E+03
0.19746800E+03
0.19750800E+03
0.19754800E+03
0.19758800E+03
0.19762799E+03
0.19766800E+03
0.19770799E+03
0.19774800E+03
0.19778799E+03
0.19782800E+03
0.19786800E+03
0.19790800E+03
0.19794800E+03
0.19798799E+03
0.19802800E+03
0.19806799E+03
0.19810800E+03
0.19814799E+03
0.19818800E+03
0.19822800E+03
0.19826799E+03
0.19830800E+03
0.19834799E+03
0.19838800E+03
0.19842799E+03
0.19846800E+03
0.19850800E+03
0.19854800E+03
0.19858800E+03
0.19862799E+03
0.19866800E+03
0.19870799E+03
0.19874800E+03
0.19878799E+03
0.19882800E+03
0.19886800E+03
0.19890800E+03
0.19894800E+03
0.19898799E+03
0.19902800E+03
0.19906799E+03
