-0.39199999E+00
-0.35200000E+00
-0.31199998E+00
-0.27199998E+00
-0.23199999E+00
-0.19200000E+00
-0.15200000E+00
-0.11199999E+00
-0.71999997E-01
-0.32000005E-01
0.79999864E-02
0.48000008E-01
0.88000000E-01
0.12799999E+00
0.16800001E+00
0.20799997E+00
0.24800000E+00
0.28800002E+00
0.32799998E+00
0.36800000E+00
0.40799996E+00
0.44799998E+00
0.48800001E+00
0.52800000E+00
0.56799996E+00
0.60800004E+00
0.64800000E+00
0.68799996E+00
0.72800004E+00
0.76800001E+00
0.80799997E+00
0.84800005E+00
0.88800001E+00
0.92799997E+00
0.96800005E+00
0.10080000E+01
0.10480000E+01
0.10880001E+01
0.11280000E+01
0.11680000E+01
0.12079999E+01
0.12480000E+01
0.12880000E+01
0.13279999E+01
0.13680000E+01
0.14080000E+01
0.14480000E+01
0.14880000E+01
0.15280000E+01
0.15680000E+01
0.16080000E+01
0.16480000E+01
0.16880000E+01
0.17279999E+01
0.17679999E+01
0.18080001E+01
0.18480000E+01
0.18880000E+01
0.19280000E+01
0.19679999E+01
0.20079999E+01
0.20480001E+01
0.20880001E+01
0.21280000E+01
0.21680000E+01
0.22079999E+01
0.22479999E+01
0.22879999E+01
0.23280001E+01
0.23680000E+01
0.24080000E+01
0.24480000E+01
0.24879999E+01
0.25279999E+01
0.25680001E+01
0.26080000E+01
0.26480000E+01
0.26880000E+01
0.27279999E+01
0.27679999E+01
0.28079998E+01
0.28480000E+01
0.28880000E+01
0.29280000E+01
0.29679999E+01
0.30079999E+01
0.30479999E+01
0.30880001E+01
0.31280000E+01
0.31680000E+01
0.32079999E+01
0.32479999E+01
0.32879999E+01
0.33280001E+01
0.33680000E+01
0.34080000E+01
0.34480000E+01
0.34879999E+01
0.35279999E+01
0.35679998E+01
0.36080000E+01
0.36480000E+01
0.36880000E+01
0.37279999E+01
0.37679999E+01
0.38079998E+01
0.38479998E+01
0.38879998E+01
0.39279997E+01
0.39680002E+01
0.40079999E+01
0.40479999E+01
0.40879998E+01
0.41279998E+01
0.41679997E+01
0.42079997E+01
0.42479997E+01
0.42879996E+01
0.43279996E+01
0.43679996E+01
0.44079995E+01
0.44479995E+01
0.44879999E+01
0.45279999E+01
0.45679998E+01
0.46079998E+01
0.46479998E+01
0.46879997E+01
0.47279997E+01
0.47679996E+01
0.48079996E+01
0.48479996E+01
0.48879995E+01
0.49279995E+01
0.49679995E+01
0.50079999E+01
0.50479999E+01
0.50879998E+01
0.51279998E+01
0.51679997E+01
0.52079997E+01
0.52479997E+01
0.52879996E+01
0.53279996E+01
0.53679996E+01
0.54079995E+01
0.54479995E+01
0.54879994E+01
0.55279999E+01
0.55679998E+01
0.56079998E+01
0.56479998E+01
0.56879997E+01
0.57279997E+01
0.57679996E+01
0.58079996E+01
0.58479996E+01
0.58879995E+01
0.59279995E+01
0.59679995E+01
0.60079994E+01
0.60479999E+01
0.60879998E+01
0.61279998E+01
0.61679997E+01
0.62079997E+01
0.62479997E+01
0.62879996E+01
0.63279996E+01
0.63679996E+01
0.64079995E+01
0.64479995E+01
0.64879994E+01
0.65279999E+01
0.65679998E+01
0.66079998E+01
0.66479998E+01
0.66879997E+01
0.67279997E+01
0.67679996E+01
0.68079996E+01
0.68479996E+01
0.68879995E+01
0.69279995E+01
0.69679995E+01
0.70079994E+01
0.70479999E+01
0.70879998E+01
0.71279998E+01
0.71679997E+01
0.72079997E+01
0.72479997E+01
0.72879996E+01
0.73279996E+01
0.73679996E+01
0.74079995E+01
0.74479995E+01
0.74879994E+01
0.75279994E+01
0.75679998E+01
0.76079998E+01
0.76479998E+01
0.76879997E+01
0.77279997E+01
0.77679996E+01
0.78079996E+01
0.78479996E+01
0.78879995E+01
0.79279995E+01
0.79679995E+01
0.80079994E+01
0.80479994E+01
0.80879993E+01
0.81279993E+01
0.81679993E+01
0.82079992E+01
0.82479992E+01
0.82879992E+01
0.83280001E+01
0.83680000E+01
0.84080000E+01
0.84480000E+01
0.84879999E+01
0.85279999E+01
0.85679998E+01
0.86079998E+01
0.86479998E+01
0.86879997E+01
0.87279997E+01
0.87679996E+01
0.88079996E+01
0.88479996E+01
0.88879995E+01
0.89279995E+01
0.89679995E+01
0.90079994E+01
0.90479994E+01
0.90879993E+01
0.91279993E+01
0.91679993E+01
0.92079992E+01
0.92479992E+01
0.92879992E+01
0.93279991E+01
0.93680000E+01
0.94080000E+01
0.94480000E+01
0.94879999E+01
0.95279999E+01
0.95679998E+01
0.96079998E+01
0.96479998E+01
0.96879997E+01
0.97279997E+01
0.97679996E+01
0.98079996E+01
0.98479996E+01
0.98879995E+01
0.99279995E+01
0.99679995E+01
0.10007999E+02
0.10047999E+02
0.10087999E+02
0.10127999E+02
0.10167999E+02
0.10207999E+02
0.10247999E+02
0.10287999E+02
0.10327999E+02
0.10368000E+02
0.10408000E+02
0.10448000E+02
0.10488000E+02
0.10528000E+02
0.10568000E+02
0.10608000E+02
0.10648000E+02
0.10688000E+02
0.10728000E+02
0.10768000E+02
0.10808000E+02
0.10848000E+02
0.10888000E+02
0.10927999E+02
0.10967999E+02
0.11007999E+02
0.11047999E+02
0.11087999E+02
0.11127999E+02
0.11167999E+02
0.11207999E+02
0.11247999E+02
0.11287999E+02
0.11327999E+02
0.11367999E+02
0.11408000E+02
0.11448000E+02
0.11488000E+02
0.11528000E+02
0.11568000E+02
0.11608000E+02
0.11648000E+02
0.11688000E+02
0.11728000E+02
0.11768000E+02
0.11808000E+02
0.11848000E+02
0.11888000E+02
0.11927999E+02
0.11967999E+02
0.12007999E+02
0.12047999E+02
0.12087999E+02
0.12127999E+02
0.12167999E+02
0.12207999E+02
0.12247999E+02
0.12287999E+02
0.12327999E+02
0.12367999E+02
0.12407999E+02
0.12448000E+02
0.12488000E+02
0.12528000E+02
0.12568000E+02
0.12608000E+02
0.12648000E+02
0.12688000E+02
0.12728000E+02
0.12768000E+02
0.12808000E+02
0.12848000E+02
0.12888000E+02
0.12927999E+02
0.12967999E+02
0.13007999E+02
0.13047999E+02
0.13087999E+02
0.13127999E+02
0.13167999E+02
0.13207999E+02
0.13247999E+02
0.13287999E+02
0.13327999E+02
0.13367999E+02
0.13407999E+02
0.13448000E+02
0.13488000E+02
0.13528000E+02
0.13568000E+02
0.13608000E+02
0.13648000E+02
0.13688000E+02
0.13728000E+02
0.13768000E+02
0.13808000E+02
0.13848000E+02
0.13888000E+02
0.13927999E+02
0.13967999E+02
0.14007999E+02
0.14047999E+02
0.14087999E+02
0.14127999E+02
0.14167999E+02
0.14207999E+02
0.14247999E+02
0.14287999E+02
0.14327999E+02
0.14367999E+02
0.14407999E+02
0.14447999E+02
0.14488000E+02
0.14528000E+02
0.14568000E+02
0.14608000E+02
0.14648000E+02
0.14688000E+02
0.14728000E+02
0.14768000E+02
0.14808000E+02
0.14848000E+02
0.14888000E+02
0.14927999E+02
0.14967999E+02
0.15007999E+02
0.15047999E+02
0.15087999E+02
0.15127999E+02
0.15167999E+02
0.15207999E+02
0.15247999E+02
0.15287999E+02
0.15327999E+02
0.15367999E+02
0.15407999E+02
0.15447999E+02
0.15488000E+02
0.15528000E+02
0.15568000E+02
0.15608000E+02
0.15647999E+02
0.15688000E+02
0.15727999E+02
0.15768000E+02
0.15807999E+02
0.15848000E+02
0.15887999E+02
0.15927999E+02
0.15967999E+02
0.16007999E+02
0.16048000E+02
0.16087999E+02
0.16128000E+02
0.16167999E+02
0.16208000E+02
0.16247999E+02
0.16288000E+02
0.16327999E+02
0.16368000E+02
0.16407999E+02
0.16448000E+02
0.16487999E+02
0.16528000E+02
0.16567999E+02
0.16608000E+02
0.16647999E+02
0.16688000E+02
0.16727999E+02
0.16768000E+02
0.16807999E+02
0.16848000E+02
0.16887999E+02
0.16927999E+02
0.16967999E+02
0.17007999E+02
0.17048000E+02
0.17087999E+02
0.17128000E+02
0.17167999E+02
0.17208000E+02
0.17247999E+02
0.17288000E+02
0.17327999E+02
0.17368000E+02
0.17407999E+02
0.17448000E+02
0.17487999E+02
0.17528000E+02
0.17567999E+02
0.17608000E+02
0.17647999E+02
0.17688000E+02
0.17727999E+02
0.17768000E+02
0.17807999E+02
0.17848000E+02
0.17887999E+02
0.17927999E+02
0.17967999E+02
0.18007999E+02
0.18048000E+02
0.18087999E+02
0.18128000E+02
0.18167999E+02
0.18208000E+02
0.18247999E+02
0.18288000E+02
0.18327999E+02
0.18368000E+02
0.18407999E+02
0.18448000E+02
0.18487999E+02
0.18528000E+02
0.18567999E+02
0.18608000E+02
0.18647999E+02
0.18688000E+02
0.18727999E+02
0.18768000E+02
0.18807999E+02
0.18848000E+02
0.18887999E+02
0.18927999E+02
0.18967999E+02
0.19007999E+02
0.19047998E+02
0.19087999E+02
0.19128000E+02
0.19167999E+02
0.19208000E+02
0.19247999E+02
0.19288000E+02
0.19327999E+02
0.19368000E+02
0.19407999E+02
0.19448000E+02
0.19487999E+02
0.19528000E+02
0.19567999E+02
0.19608000E+02
0.19647999E+02
0.19688000E+02
0.19727999E+02
0.19768000E+02
0.19807999E+02
0.19848000E+02
0.19887999E+02
0.19927999E+02
0.19967999E+02
0.20007999E+02
0.20047998E+02
0.20087999E+02
0.20128000E+02
0.20167999E+02
0.20208000E+02
0.20247999E+02
0.20288000E+02
0.20327999E+02
0.20368000E+02
0.20407999E+02
0.20448000E+02
0.20487999E+02
0.20528000E+02
0.20567999E+02
0.20608000E+02
0.20647999E+02
0.20688000E+02
0.20727999E+02
0.20768000E+02
0.20807999E+02
0.20848000E+02
0.20887999E+02
0.20927999E+02
0.20967999E+02
0.21007999E+02
0.21047998E+02
0.21087999E+02
0.21128000E+02
0.21167999E+02
0.21208000E+02
0.21247999E+02
0.21288000E+02
0.21327999E+02
0.21368000E+02
0.21407999E+02
0.21448000E+02
0.21487999E+02
0.21528000E+02
0.21567999E+02
0.21608000E+02
0.21647999E+02
0.21688000E+02
0.21727999E+02
0.21768000E+02
0.21807999E+02
0.21848000E+02
0.21887999E+02
0.21927999E+02
0.21967999E+02
0.22007999E+02
0.22047998E+02
0.22087999E+02
0.22127998E+02
0.22167999E+02
0.22208000E+02
0.22247999E+02
0.22288000E+02
0.22327999E+02
0.22368000E+02
0.22407999E+02
0.22448000E+02
0.22487999E+02
0.22528000E+02
0.22567999E+02
0.22608000E+02
0.22647999E+02
0.22688000E+02
0.22727999E+02
0.22768000E+02
0.22807999E+02
0.22848000E+02
0.22887999E+02
0.22927999E+02
0.22967999E+02
0.23007999E+02
0.23047998E+02
0.23087999E+02
0.23127998E+02
0.23167999E+02
0.23208000E+02
0.23247999E+02
0.23288000E+02
0.23327999E+02
0.23368000E+02
0.23407999E+02
0.23448000E+02
0.23487999E+02
0.23528000E+02
0.23567999E+02
0.23608000E+02
0.23647999E+02
0.23688000E+02
0.23727999E+02
0.23768000E+02
0.23807999E+02
0.23848000E+02
0.23887999E+02
0.23927999E+02
0.23967999E+02
0.24007999E+02
0.24047998E+02
0.24087999E+02
0.24127998E+02
0.24167999E+02
0.24208000E+02
0.24247999E+02
0.24288000E+02
0.24327999E+02
0.24368000E+02
0.24407999E+02
0.24448000E+02
0.24487999E+02
0.24528000E+02
0.24567999E+02
0.24608000E+02
0.24647999E+02
0.24688000E+02
0.24727999E+02
0.24768000E+02
0.24807999E+02
0.24848000E+02
0.24887999E+02
0.24927999E+02
0.24967999E+02
0.25007999E+02
0.25047998E+02
0.25087999E+02
0.25127998E+02
0.25167999E+02
0.25207998E+02
0.25247999E+02
0.25288000E+02
0.25327999E+02
0.25368000E+02
0.25407999E+02
0.25448000E+02
0.25487999E+02
0.25528000E+02
0.25567999E+02
0.25608000E+02
0.25647999E+02
0.25688000E+02
0.25727999E+02
0.25768000E+02
0.25807999E+02
0.25848000E+02
0.25887999E+02
0.25927999E+02
0.25967999E+02
0.26007999E+02
0.26047998E+02
0.26087999E+02
0.26127998E+02
0.26167999E+02
0.26207998E+02
0.26247999E+02
0.26288000E+02
0.26327999E+02
0.26368000E+02
0.26407999E+02
0.26448000E+02
0.26487999E+02
0.26528000E+02
0.26567999E+02
0.26608000E+02
0.26647999E+02
0.26688000E+02
0.26727999E+02
0.26768000E+02
0.26807999E+02
0.26848000E+02
0.26887999E+02
0.26927999E+02
0.26967999E+02
0.27007999E+02
0.27047998E+02
0.27087999E+02
0.27127998E+02
0.27167999E+02
0.27207998E+02
0.27247999E+02
0.27288000E+02
0.27327999E+02
0.27368000E+02
0.27407999E+02
0.27448000E+02
0.27487999E+02
0.27528000E+02
0.27567999E+02
0.27608000E+02
0.27647999E+02
0.27688000E+02
0.27727999E+02
0.27768000E+02
0.27807999E+02
0.27848000E+02
0.27887999E+02
0.27927999E+02
0.27967999E+02
0.28007999E+02
0.28047998E+02
0.28087999E+02
0.28127998E+02
0.28167999E+02
0.28207998E+02
0.28247999E+02
0.28288000E+02
0.28327999E+02
0.28368000E+02
0.28407999E+02
0.28448000E+02
0.28487999E+02
0.28528000E+02
0.28567999E+02
0.28608000E+02
0.28647999E+02
0.28688000E+02
0.28727999E+02
0.28768000E+02
0.28807999E+02
0.28848000E+02
0.28887999E+02
0.28927999E+02
0.28967999E+02
0.29007999E+02
0.29047998E+02
0.29087999E+02
0.29127998E+02
0.29167999E+02
0.29207998E+02
0.29247999E+02
0.29287998E+02
0.29327999E+02
0.29368000E+02
0.29407999E+02
0.29448000E+02
0.29487999E+02
0.29528000E+02
0.29567999E+02
0.29608000E+02
0.29647999E+02
0.29688000E+02
0.29727999E+02
0.29768000E+02
0.29807999E+02
0.29848000E+02
0.29887999E+02
0.29927999E+02
0.29967999E+02
0.30007999E+02
0.30047998E+02
0.30087999E+02
0.30127998E+02
0.30167999E+02
0.30207998E+02
0.30247999E+02
0.30287998E+02
0.30327999E+02
0.30368000E+02
0.30407999E+02
0.30448000E+02
0.30487999E+02
0.30528000E+02
0.30567999E+02
0.30608000E+02
0.30647999E+02
0.30688000E+02
0.30727999E+02
0.30768000E+02
0.30807999E+02
0.30848000E+02
0.30887999E+02
0.30927999E+02
0.30967999E+02
0.31007999E+02
0.31047998E+02
0.31087999E+02
0.31127998E+02
0.31167999E+02
0.31207998E+02
0.31247999E+02
0.31287998E+02
0.31327999E+02
0.31368000E+02
0.31407999E+02
0.31448000E+02
0.31487999E+02
0.31528000E+02
0.31567999E+02
0.31608000E+02
0.31648001E+02
0.31687998E+02
0.31727999E+02
0.31768000E+02
0.31808001E+02
0.31847998E+02
0.31887999E+02
0.31927999E+02
0.31968000E+02
0.32007999E+02
0.32048000E+02
0.32088001E+02
0.32128002E+02
0.32167999E+02
0.32208000E+02
0.32248001E+02
0.32288002E+02
0.32327999E+02
0.32368000E+02
0.32408001E+02
0.32448002E+02
0.32488003E+02
0.32528000E+02
0.32568001E+02
0.32608002E+02
0.32648003E+02
0.32688000E+02
0.32728001E+02
0.32768002E+02
0.32808002E+02
0.32848000E+02
0.32888000E+02
0.32928001E+02
0.32968002E+02
0.33007999E+02
0.33048000E+02
0.33088001E+02
0.33128002E+02
0.33167999E+02
0.33208000E+02
0.33248001E+02
0.33288002E+02
0.33327999E+02
0.33368000E+02
0.33408001E+02
0.33448002E+02
0.33488003E+02
0.33528000E+02
0.33568001E+02
0.33608002E+02
0.33648003E+02
0.33688000E+02
0.33728001E+02
0.33768002E+02
0.33808002E+02
0.33848000E+02
0.33888000E+02
0.33928001E+02
0.33968002E+02
0.34007999E+02
0.34048000E+02
0.34088001E+02
0.34128002E+02
0.34167999E+02
0.34208000E+02
0.34248001E+02
0.34288002E+02
0.34327999E+02
0.34368000E+02
0.34408001E+02
0.34448002E+02
0.34488003E+02
0.34528000E+02
0.34568001E+02
0.34608002E+02
0.34648003E+02
0.34688000E+02
0.34728001E+02
0.34768002E+02
0.34808002E+02
0.34848000E+02
0.34888000E+02
0.34928001E+02
0.34968002E+02
0.35007999E+02
0.35048000E+02
0.35088001E+02
0.35128002E+02
0.35167999E+02
0.35208000E+02
0.35248001E+02
0.35288002E+02
0.35327999E+02
0.35368000E+02
0.35408001E+02
0.35448002E+02
0.35488003E+02
0.35528000E+02
0.35568001E+02
0.35608002E+02
0.35648003E+02
0.35688000E+02
0.35728001E+02
0.35768002E+02
0.35808002E+02
0.35848000E+02
0.35888000E+02
0.35928001E+02
0.35968002E+02
0.36007999E+02
0.36048000E+02
0.36088001E+02
0.36128002E+02
0.36167999E+02
0.36208000E+02
0.36248001E+02
0.36288002E+02
0.36327999E+02
0.36368000E+02
0.36408001E+02
0.36448002E+02
0.36488003E+02
0.36528000E+02
0.36568001E+02
0.36608002E+02
0.36648003E+02
0.36688000E+02
0.36728001E+02
0.36768002E+02
0.36808002E+02
0.36848000E+02
0.36888000E+02
0.36928001E+02
0.36968002E+02
0.37007999E+02
0.37048000E+02
0.37088001E+02
0.37128002E+02
0.37167999E+02
0.37208000E+02
0.37248001E+02
0.37288002E+02
0.37327999E+02
0.37368000E+02
0.37408001E+02
0.37448002E+02
0.37487999E+02
0.37528000E+02
0.37568001E+02
0.37608002E+02
0.37648003E+02
0.37688000E+02
0.37728001E+02
0.37768002E+02
0.37808002E+02
0.37848000E+02
0.37888000E+02
0.37928001E+02
0.37968002E+02
0.38007999E+02
0.38048000E+02
0.38088001E+02
0.38128002E+02
0.38167999E+02
0.38208000E+02
0.38248001E+02
0.38288002E+02
0.38327999E+02
0.38368000E+02
0.38408001E+02
0.38448002E+02
0.38487999E+02
0.38528000E+02
0.38568001E+02
0.38608002E+02
0.38648003E+02
0.38688000E+02
0.38728001E+02
0.38768002E+02
0.38808002E+02
0.38848000E+02
0.38888000E+02
0.38928001E+02
0.38968002E+02
0.39007999E+02
0.39048000E+02
0.39088001E+02
0.39128002E+02
0.39167999E+02
0.39208000E+02
0.39248001E+02
0.39288002E+02
0.39327999E+02
0.39368000E+02
0.39408001E+02
0.39448002E+02
0.39487999E+02
0.39528000E+02
0.39568001E+02
0.39608002E+02
0.39648003E+02
0.39688000E+02
0.39728001E+02
0.39768002E+02
0.39808002E+02
0.39848000E+02
0.39888000E+02
0.39928001E+02
0.39968002E+02
0.40007999E+02
0.40048000E+02
0.40088001E+02
0.40128002E+02
0.40167999E+02
0.40208000E+02
0.40248001E+02
0.40288002E+02
0.40327999E+02
0.40368000E+02
0.40408001E+02
0.40448002E+02
0.40487999E+02
0.40528000E+02
0.40568001E+02
0.40608002E+02
0.40648003E+02
0.40688000E+02
0.40728001E+02
0.40768002E+02
0.40808002E+02
0.40848000E+02
0.40888000E+02
0.40928001E+02
0.40968002E+02
0.41007999E+02
0.41048000E+02
0.41088001E+02
0.41128002E+02
0.41167999E+02
0.41208000E+02
0.41248001E+02
0.41288002E+02
0.41327999E+02
0.41368000E+02
0.41408001E+02
0.41448002E+02
0.41487999E+02
0.41528000E+02
0.41568001E+02
0.41608002E+02
0.41648003E+02
0.41688000E+02
0.41728001E+02
0.41768002E+02
0.41808002E+02
0.41848000E+02
0.41888000E+02
0.41928001E+02
0.41968002E+02
0.42007999E+02
0.42048000E+02
0.42088001E+02
0.42128002E+02
0.42167999E+02
0.42208000E+02
0.42248001E+02
0.42288002E+02
0.42327999E+02
0.42368000E+02
0.42408001E+02
0.42448002E+02
0.42487999E+02
0.42528000E+02
0.42568001E+02
0.42608002E+02
0.42648003E+02
0.42688000E+02
0.42728001E+02
0.42768002E+02
0.42808002E+02
0.42848000E+02
0.42888000E+02
0.42928001E+02
0.42968002E+02
0.43007999E+02
0.43048000E+02
0.43088001E+02
0.43128002E+02
0.43167999E+02
0.43208000E+02
0.43248001E+02
0.43288002E+02
0.43327999E+02
0.43368000E+02
0.43408001E+02
0.43448002E+02
0.43487999E+02
0.43528000E+02
0.43568001E+02
0.43608002E+02
0.43648003E+02
0.43688000E+02
0.43728001E+02
0.43768002E+02
0.43808002E+02
0.43848000E+02
0.43888000E+02
0.43928001E+02
0.43968002E+02
0.44007999E+02
0.44048000E+02
0.44088001E+02
0.44128002E+02
0.44167999E+02
0.44208000E+02
0.44248001E+02
0.44288002E+02
0.44327999E+02
0.44368000E+02
0.44408001E+02
0.44448002E+02
0.44487999E+02
0.44528000E+02
0.44568001E+02
0.44608002E+02
0.44647999E+02
0.44688000E+02
0.44728001E+02
0.44768002E+02
0.44808002E+02
0.44848000E+02
0.44888000E+02
0.44928001E+02
0.44968002E+02
0.45007999E+02
0.45048000E+02
0.45088001E+02
0.45128002E+02
0.45167999E+02
0.45208000E+02
0.45248001E+02
0.45288002E+02
0.45327999E+02
0.45368000E+02
0.45408001E+02
0.45448002E+02
0.45487999E+02
0.45528000E+02
0.45568001E+02
0.45608002E+02
0.45647999E+02
0.45688000E+02
0.45728001E+02
0.45768002E+02
0.45808002E+02
0.45848000E+02
0.45888000E+02
0.45928001E+02
0.45968002E+02
0.46007999E+02
0.46048000E+02
0.46088001E+02
0.46128002E+02
0.46167999E+02
0.46208000E+02
0.46248001E+02
0.46288002E+02
0.46327999E+02
0.46368000E+02
0.46408001E+02
0.46448002E+02
0.46487999E+02
0.46528000E+02
0.46568001E+02
0.46608002E+02
0.46647999E+02
0.46688000E+02
0.46728001E+02
0.46768002E+02
0.46808002E+02
0.46848000E+02
0.46888000E+02
0.46928001E+02
0.46968002E+02
0.47007999E+02
0.47048000E+02
0.47088001E+02
0.47128002E+02
0.47167999E+02
0.47208000E+02
0.47248001E+02
0.47288002E+02
0.47327999E+02
0.47368000E+02
0.47408001E+02
0.47448002E+02
0.47487999E+02
0.47528000E+02
0.47568001E+02
0.47608002E+02
0.47647999E+02
0.47688000E+02
0.47728001E+02
0.47768002E+02
0.47808002E+02
0.47848000E+02
0.47888000E+02
0.47928001E+02
0.47968002E+02
0.48007999E+02
0.48048000E+02
0.48088001E+02
0.48128002E+02
0.48167999E+02
0.48208000E+02
0.48248001E+02
0.48288002E+02
0.48327999E+02
0.48368000E+02
0.48408001E+02
0.48448002E+02
0.48487999E+02
0.48528000E+02
0.48568001E+02
0.48608002E+02
0.48647999E+02
0.48688000E+02
0.48728001E+02
0.48768002E+02
0.48808002E+02
0.48848000E+02
0.48888000E+02
0.48928001E+02
0.48968002E+02
0.49007999E+02
0.49048000E+02
0.49088001E+02
0.49128002E+02
0.49167999E+02
0.49208000E+02
0.49248001E+02
0.49288002E+02
0.49327999E+02
0.49368000E+02
0.49408001E+02
0.49448002E+02
0.49487999E+02
0.49528000E+02
0.49568001E+02
0.49608002E+02
0.49647999E+02
0.49688000E+02
0.49728001E+02
0.49768002E+02
0.49808002E+02
0.49848000E+02
0.49888000E+02
0.49928001E+02
0.49968002E+02
0.50007999E+02
0.50048000E+02
0.50088001E+02
0.50128002E+02
0.50167999E+02
0.50208000E+02
0.50248001E+02
0.50288002E+02
0.50327999E+02
0.50368000E+02
0.50408001E+02
0.50448002E+02
0.50487999E+02
0.50528000E+02
0.50568001E+02
0.50608002E+02
0.50647999E+02
0.50688000E+02
0.50728001E+02
0.50768002E+02
0.50807999E+02
0.50848000E+02
0.50888000E+02
0.50928001E+02
0.50968002E+02
0.51007999E+02
0.51048000E+02
0.51088001E+02
0.51128002E+02
0.51167999E+02
0.51208000E+02
0.51248001E+02
0.51288002E+02
0.51327999E+02
0.51368000E+02
0.51408001E+02
0.51448002E+02
0.51487999E+02
0.51528000E+02
0.51568001E+02
0.51608002E+02
0.51647999E+02
0.51688000E+02
0.51728001E+02
0.51768002E+02
0.51807999E+02
0.51848000E+02
0.51888000E+02
0.51928001E+02
0.51968002E+02
0.52007999E+02
0.52048000E+02
0.52088001E+02
0.52128002E+02
0.52167999E+02
0.52208000E+02
0.52248001E+02
0.52288002E+02
0.52327999E+02
0.52368000E+02
0.52408001E+02
0.52448002E+02
0.52487999E+02
0.52528000E+02
0.52568001E+02
0.52608002E+02
0.52647999E+02
0.52688000E+02
0.52728001E+02
0.52768002E+02
0.52807999E+02
0.52848000E+02
0.52888000E+02
0.52928001E+02
0.52968002E+02
0.53007999E+02
0.53048000E+02
0.53088001E+02
0.53128002E+02
0.53167999E+02
0.53208000E+02
0.53248001E+02
0.53288002E+02
0.53327999E+02
0.53368000E+02
0.53408001E+02
0.53448002E+02
0.53487999E+02
0.53528000E+02
0.53568001E+02
0.53608002E+02
0.53647999E+02
0.53688000E+02
0.53728001E+02
0.53768002E+02
0.53807999E+02
0.53848000E+02
0.53888000E+02
0.53928001E+02
0.53968002E+02
0.54007999E+02
0.54048000E+02
0.54088001E+02
0.54128002E+02
0.54167999E+02
0.54208000E+02
0.54248001E+02
0.54288002E+02
0.54327999E+02
0.54368000E+02
0.54408001E+02
0.54448002E+02
0.54487999E+02
0.54528000E+02
0.54568001E+02
0.54608002E+02
0.54647999E+02
0.54688000E+02
0.54728001E+02
0.54768002E+02
0.54807999E+02
0.54848000E+02
0.54888000E+02
0.54928001E+02
0.54968002E+02
0.55007999E+02
0.55048000E+02
0.55088001E+02
0.55128002E+02
0.55167999E+02
0.55208000E+02
0.55248001E+02
0.55288002E+02
0.55327999E+02
0.55368000E+02
0.55408001E+02
0.55448002E+02
0.55487999E+02
0.55528000E+02
0.55568001E+02
0.55608002E+02
0.55647999E+02
0.55688000E+02
0.55728001E+02
0.55768002E+02
0.55807999E+02
0.55848000E+02
0.55888000E+02
0.55928001E+02
0.55968002E+02
0.56007999E+02
0.56048000E+02
0.56088001E+02
0.56128002E+02
0.56167999E+02
0.56208000E+02
0.56248001E+02
0.56288002E+02
0.56327999E+02
0.56368000E+02
0.56408001E+02
0.56448002E+02
0.56487999E+02
0.56528000E+02
0.56568001E+02
0.56608002E+02
0.56647999E+02
0.56688000E+02
0.56728001E+02
0.56768002E+02
0.56807999E+02
0.56848000E+02
0.56888000E+02
0.56928001E+02
0.56968002E+02
0.57007999E+02
0.57048000E+02
0.57088001E+02
0.57128002E+02
0.57167999E+02
0.57208000E+02
0.57248001E+02
0.57288002E+02
0.57327999E+02
0.57368000E+02
0.57408001E+02
0.57448002E+02
0.57487999E+02
0.57528000E+02
0.57568001E+02
0.57608002E+02
0.57647999E+02
0.57688000E+02
0.57728001E+02
0.57768002E+02
0.57807999E+02
0.57848000E+02
0.57888000E+02
0.57928001E+02
0.57967999E+02
0.58007999E+02
0.58048000E+02
0.58088001E+02
0.58128002E+02
0.58167999E+02
0.58208000E+02
0.58248001E+02
0.58288002E+02
0.58327999E+02
0.58368000E+02
0.58408001E+02
0.58448002E+02
0.58487999E+02
0.58528000E+02
0.58568001E+02
0.58608002E+02
0.58647999E+02
0.58688000E+02
0.58728001E+02
0.58768002E+02
0.58807999E+02
0.58848000E+02
0.58888000E+02
0.58928001E+02
0.58967999E+02
0.59007999E+02
0.59048000E+02
0.59088001E+02
0.59128002E+02
0.59167999E+02
0.59208000E+02
0.59248001E+02
0.59288002E+02
0.59327999E+02
0.59368000E+02
0.59408001E+02
0.59448002E+02
0.59487999E+02
0.59528000E+02
0.59568001E+02
0.59608002E+02
0.59647999E+02
0.59688000E+02
0.59728001E+02
0.59768002E+02
0.59807999E+02
0.59848000E+02
0.59888000E+02
0.59928001E+02
0.59967999E+02
0.60007999E+02
0.60048000E+02
0.60088001E+02
0.60128002E+02
0.60167999E+02
0.60208000E+02
0.60248001E+02
0.60288002E+02
0.60327999E+02
0.60368000E+02
0.60408001E+02
0.60448002E+02
0.60487999E+02
0.60528000E+02
0.60568001E+02
0.60608002E+02
0.60647999E+02
0.60688000E+02
0.60728001E+02
0.60768002E+02
0.60807999E+02
0.60848000E+02
0.60888000E+02
0.60928001E+02
0.60967999E+02
0.61007999E+02
0.61048000E+02
0.61088001E+02
0.61128002E+02
0.61167999E+02
0.61208000E+02
0.61248001E+02
0.61288002E+02
0.61327999E+02
0.61368000E+02
0.61408001E+02
0.61448002E+02
0.61487999E+02
0.61528000E+02
0.61568001E+02
0.61608002E+02
0.61647999E+02
0.61688000E+02
0.61728001E+02
0.61768002E+02
0.61807999E+02
0.61848000E+02
0.61888000E+02
0.61928001E+02
0.61967999E+02
0.62007999E+02
0.62048000E+02
0.62088001E+02
0.62128002E+02
0.62167999E+02
0.62208000E+02
0.62248001E+02
0.62288002E+02
0.62327999E+02
0.62368000E+02
0.62408001E+02
0.62448002E+02
0.62487999E+02
0.62528000E+02
0.62568001E+02
0.62608002E+02
0.62647999E+02
0.62688000E+02
0.62728001E+02
0.62768002E+02
0.62807999E+02
0.62848000E+02
0.62888000E+02
0.62928001E+02
0.62967999E+02
0.63007999E+02
0.63048000E+02
0.63088001E+02
0.63128002E+02
0.63167999E+02
0.63208000E+02
0.63248001E+02
0.63288002E+02
0.63327999E+02
0.63368000E+02
0.63408001E+02
0.63448002E+02
0.63487999E+02
0.63528000E+02
0.63568001E+02
0.63608002E+02
0.63648003E+02
0.63688004E+02
0.63727997E+02
0.63767998E+02
0.63807999E+02
0.63848000E+02
0.63888000E+02
0.63928001E+02
0.63968002E+02
0.64008003E+02
0.64047997E+02
0.64087997E+02
0.64127998E+02
0.64167999E+02
0.64208000E+02
0.64248001E+02
0.64288002E+02
0.64328003E+02
0.64368004E+02
0.64407997E+02
0.64447998E+02
0.64487999E+02
0.64528000E+02
0.64568001E+02
0.64608002E+02
0.64648003E+02
0.64688004E+02
0.64727997E+02
0.64767998E+02
0.64807999E+02
0.64848000E+02
0.64888000E+02
0.64928001E+02
0.64968002E+02
0.65008003E+02
0.65047997E+02
0.65087997E+02
0.65127998E+02
0.65167999E+02
0.65208000E+02
0.65248001E+02
0.65288002E+02
0.65328003E+02
0.65368004E+02
0.65407997E+02
0.65447998E+02
0.65487999E+02
0.65528000E+02
0.65568001E+02
0.65608002E+02
0.65648003E+02
0.65688004E+02
0.65727997E+02
0.65767998E+02
0.65807999E+02
0.65848000E+02
0.65888000E+02
0.65928001E+02
0.65968002E+02
0.66008003E+02
0.66047997E+02
0.66087997E+02
0.66127998E+02
0.66167999E+02
0.66208000E+02
0.66248001E+02
0.66288002E+02
0.66328003E+02
0.66368004E+02
0.66407997E+02
0.66447998E+02
0.66487999E+02
0.66528000E+02
0.66568001E+02
0.66608002E+02
0.66648003E+02
0.66688004E+02
0.66727997E+02
0.66767998E+02
0.66807999E+02
0.66848000E+02
0.66888000E+02
0.66928001E+02
0.66968002E+02
0.67008003E+02
0.67047997E+02
0.67087997E+02
0.67127998E+02
0.67167999E+02
0.67208000E+02
0.67248001E+02
0.67288002E+02
0.67328003E+02
0.67368004E+02
0.67407997E+02
0.67447998E+02
0.67487999E+02
0.67528000E+02
0.67568001E+02
0.67608002E+02
0.67648003E+02
0.67688004E+02
0.67727997E+02
0.67767998E+02
0.67807999E+02
0.67848000E+02
0.67888000E+02
0.67928001E+02
0.67968002E+02
0.68008003E+02
0.68047997E+02
0.68087997E+02
0.68127998E+02
0.68167999E+02
0.68208000E+02
0.68248001E+02
0.68288002E+02
0.68328003E+02
0.68368004E+02
0.68407997E+02
0.68447998E+02
0.68487999E+02
0.68528000E+02
0.68568001E+02
0.68608002E+02
0.68648003E+02
0.68688004E+02
0.68727997E+02
0.68767998E+02
0.68807999E+02
0.68848000E+02
0.68888000E+02
0.68928001E+02
0.68968002E+02
0.69008003E+02
0.69047997E+02
0.69087997E+02
0.69127998E+02
0.69167999E+02
0.69208000E+02
0.69248001E+02
0.69288002E+02
0.69328003E+02
0.69368004E+02
0.69407997E+02
0.69447998E+02
0.69487999E+02
0.69528000E+02
0.69568001E+02
0.69608002E+02
0.69648003E+02
0.69688004E+02
0.69727997E+02
0.69767998E+02
0.69807999E+02
0.69848000E+02
0.69888000E+02
0.69928001E+02
0.69968002E+02
0.70008003E+02
0.70047997E+02
0.70087997E+02
0.70127998E+02
0.70167999E+02
0.70208000E+02
0.70248001E+02
0.70288002E+02
0.70328003E+02
0.70368004E+02
0.70407997E+02
0.70447998E+02
0.70487999E+02
0.70528000E+02
0.70568001E+02
0.70608002E+02
0.70648003E+02
0.70688004E+02
0.70727997E+02
0.70767998E+02
0.70807999E+02
0.70848000E+02
0.70888000E+02
0.70928001E+02
0.70968002E+02
0.71008003E+02
0.71047997E+02
0.71087997E+02
0.71127998E+02
0.71167999E+02
0.71208000E+02
0.71248001E+02
0.71288002E+02
0.71328003E+02
0.71368004E+02
0.71407997E+02
0.71447998E+02
0.71487999E+02
0.71528000E+02
0.71568001E+02
0.71608002E+02
0.71648003E+02
0.71688004E+02
0.71727997E+02
0.71767998E+02
0.71807999E+02
0.71848000E+02
0.71888000E+02
0.71928001E+02
0.71968002E+02
0.72008003E+02
0.72047997E+02
0.72087997E+02
0.72127998E+02
0.72167999E+02
0.72208000E+02
0.72248001E+02
0.72288002E+02
0.72328003E+02
0.72368004E+02
0.72407997E+02
0.72447998E+02
0.72487999E+02
0.72528000E+02
0.72568001E+02
0.72608002E+02
0.72648003E+02
0.72688004E+02
0.72727997E+02
0.72767998E+02
0.72807999E+02
0.72848000E+02
0.72888000E+02
0.72928001E+02
0.72968002E+02
0.73008003E+02
0.73047997E+02
0.73087997E+02
0.73127998E+02
0.73167999E+02
0.73208000E+02
0.73248001E+02
0.73288002E+02
0.73328003E+02
0.73368004E+02
0.73407997E+02
0.73447998E+02
0.73487999E+02
0.73528000E+02
0.73568001E+02
0.73608002E+02
0.73648003E+02
0.73688004E+02
0.73727997E+02
0.73767998E+02
0.73807999E+02
0.73848000E+02
0.73888000E+02
0.73928001E+02
0.73968002E+02
0.74008003E+02
0.74047997E+02
0.74087997E+02
0.74127998E+02
0.74167999E+02
0.74208000E+02
0.74248001E+02
0.74288002E+02
0.74328003E+02
0.74368004E+02
0.74407997E+02
0.74447998E+02
0.74487999E+02
0.74528000E+02
0.74568001E+02
0.74608002E+02
0.74648003E+02
0.74688004E+02
0.74727997E+02
0.74767998E+02
0.74807999E+02
0.74848000E+02
0.74888000E+02
0.74928001E+02
0.74968002E+02
0.75008003E+02
0.75047997E+02
0.75087997E+02
0.75127998E+02
0.75167999E+02
0.75208000E+02
0.75248001E+02
0.75288002E+02
0.75328003E+02
0.75367996E+02
0.75407997E+02
0.75447998E+02
0.75487999E+02
0.75528000E+02
0.75568001E+02
0.75608002E+02
0.75648003E+02
0.75688004E+02
0.75727997E+02
0.75767998E+02
0.75807999E+02
0.75848000E+02
0.75888000E+02
0.75928001E+02
0.75968002E+02
0.76008003E+02
0.76047997E+02
0.76087997E+02
0.76127998E+02
0.76167999E+02
0.76208000E+02
0.76248001E+02
0.76288002E+02
0.76328003E+02
0.76367996E+02
0.76407997E+02
0.76447998E+02
0.76487999E+02
0.76528000E+02
0.76568001E+02
0.76608002E+02
0.76648003E+02
0.76688004E+02
0.76727997E+02
0.76767998E+02
0.76807999E+02
0.76848000E+02
0.76888000E+02
0.76928001E+02
0.76968002E+02
0.77008003E+02
0.77047997E+02
0.77087997E+02
0.77127998E+02
0.77167999E+02
0.77208000E+02
0.77248001E+02
0.77288002E+02
0.77328003E+02
0.77367996E+02
0.77407997E+02
0.77447998E+02
0.77487999E+02
0.77528000E+02
0.77568001E+02
0.77608002E+02
0.77648003E+02
0.77688004E+02
0.77727997E+02
0.77767998E+02
0.77807999E+02
0.77848000E+02
0.77888000E+02
0.77928001E+02
0.77968002E+02
0.78008003E+02
0.78047997E+02
0.78087997E+02
0.78127998E+02
0.78167999E+02
0.78208000E+02
0.78248001E+02
0.78288002E+02
0.78328003E+02
0.78367996E+02
0.78407997E+02
0.78447998E+02
0.78487999E+02
0.78528000E+02
0.78568001E+02
0.78608002E+02
0.78648003E+02
0.78688004E+02
0.78727997E+02
0.78767998E+02
0.78807999E+02
0.78848000E+02
0.78888000E+02
0.78928001E+02
0.78968002E+02
0.79008003E+02
0.79047997E+02
0.79087997E+02
0.79127998E+02
0.79167999E+02
0.79208000E+02
0.79248001E+02
0.79288002E+02
0.79328003E+02
0.79367996E+02
0.79407997E+02
0.79447998E+02
0.79487999E+02
0.79528000E+02
0.79568001E+02
0.79608002E+02
0.79648003E+02
0.79688004E+02
0.79727997E+02
0.79767998E+02
0.79807999E+02
0.79848000E+02
0.79888000E+02
0.79928001E+02
0.79968002E+02
0.80008003E+02
0.80047997E+02
0.80087997E+02
0.80127998E+02
0.80167999E+02
0.80208000E+02
0.80248001E+02
0.80288002E+02
0.80328003E+02
0.80367996E+02
0.80407997E+02
0.80447998E+02
0.80487999E+02
0.80528000E+02
0.80568001E+02
0.80608002E+02
0.80648003E+02
0.80688004E+02
0.80727997E+02
0.80767998E+02
0.80807999E+02
0.80848000E+02
0.80888000E+02
0.80928001E+02
0.80968002E+02
0.81008003E+02
0.81047997E+02
0.81087997E+02
0.81127998E+02
0.81167999E+02
0.81208000E+02
0.81248001E+02
0.81288002E+02
0.81328003E+02
0.81367996E+02
0.81407997E+02
0.81447998E+02
0.81487999E+02
0.81528000E+02
0.81568001E+02
0.81608002E+02
0.81648003E+02
0.81688004E+02
0.81727997E+02
0.81767998E+02
0.81807999E+02
0.81848000E+02
0.81888000E+02
0.81928001E+02
0.81968002E+02
0.82008003E+02
0.82047997E+02
0.82087997E+02
0.82127998E+02
0.82167999E+02
0.82208000E+02
0.82248001E+02
0.82288002E+02
0.82328003E+02
0.82367996E+02
0.82407997E+02
0.82447998E+02
0.82487999E+02
0.82528000E+02
0.82568001E+02
0.82608002E+02
0.82648003E+02
0.82688004E+02
0.82727997E+02
0.82767998E+02
0.82807999E+02
0.82848000E+02
0.82888000E+02
0.82928001E+02
0.82968002E+02
0.83008003E+02
0.83047997E+02
0.83087997E+02
0.83127998E+02
0.83167999E+02
0.83208000E+02
0.83248001E+02
0.83288002E+02
0.83328003E+02
0.83367996E+02
0.83407997E+02
0.83447998E+02
0.83487999E+02
0.83528000E+02
0.83568001E+02
0.83608002E+02
0.83648003E+02
0.83688004E+02
0.83727997E+02
0.83767998E+02
0.83807999E+02
0.83848000E+02
0.83888000E+02
0.83928001E+02
0.83968002E+02
0.84008003E+02
0.84047997E+02
0.84087997E+02
0.84127998E+02
0.84167999E+02
0.84208000E+02
0.84248001E+02
0.84288002E+02
0.84328003E+02
0.84367996E+02
0.84407997E+02
0.84447998E+02
0.84487999E+02
0.84528000E+02
0.84568001E+02
0.84608002E+02
0.84648003E+02
0.84688004E+02
0.84727997E+02
0.84767998E+02
0.84807999E+02
0.84848000E+02
0.84888000E+02
0.84928001E+02
0.84968002E+02
0.85008003E+02
0.85047997E+02
0.85087997E+02
0.85127998E+02
0.85167999E+02
0.85208000E+02
0.85248001E+02
0.85288002E+02
0.85328003E+02
0.85367996E+02
0.85407997E+02
0.85447998E+02
0.85487999E+02
0.85528000E+02
0.85568001E+02
0.85608002E+02
0.85648003E+02
0.85688004E+02
0.85727997E+02
0.85767998E+02
0.85807999E+02
0.85848000E+02
0.85888000E+02
0.85928001E+02
0.85968002E+02
0.86008003E+02
0.86047997E+02
0.86087997E+02
0.86127998E+02
0.86167999E+02
0.86208000E+02
0.86248001E+02
0.86288002E+02
0.86328003E+02
0.86367996E+02
0.86407997E+02
0.86447998E+02
0.86487999E+02
0.86528000E+02
0.86568001E+02
0.86608002E+02
0.86648003E+02
0.86688004E+02
0.86727997E+02
0.86767998E+02
0.86807999E+02
0.86848000E+02
0.86888000E+02
0.86928001E+02
0.86968002E+02
0.87008003E+02
0.87047997E+02
0.87087997E+02
0.87127998E+02
0.87167999E+02
0.87208000E+02
0.87248001E+02
0.87288002E+02
0.87328003E+02
0.87367996E+02
0.87407997E+02
0.87447998E+02
0.87487999E+02
0.87528000E+02
0.87568001E+02
0.87608002E+02
0.87648003E+02
0.87688004E+02
0.87727997E+02
0.87767998E+02
0.87807999E+02
0.87848000E+02
0.87888000E+02
0.87928001E+02
0.87968002E+02
0.88008003E+02
0.88047997E+02
0.88087997E+02
0.88127998E+02
0.88167999E+02
0.88208000E+02
0.88248001E+02
0.88288002E+02
0.88328003E+02
0.88367996E+02
0.88407997E+02
0.88447998E+02
0.88487999E+02
0.88528000E+02
0.88568001E+02
0.88608002E+02
0.88648003E+02
0.88687996E+02
0.88727997E+02
0.88767998E+02
0.88807999E+02
0.88848000E+02
0.88888000E+02
0.88928001E+02
0.88968002E+02
0.89008003E+02
0.89047997E+02
0.89087997E+02
0.89127998E+02
0.89167999E+02
0.89208000E+02
0.89248001E+02
0.89288002E+02
0.89328003E+02
0.89367996E+02
0.89407997E+02
0.89447998E+02
0.89487999E+02
0.89528000E+02
0.89568001E+02
0.89608002E+02
0.89648003E+02
0.89687996E+02
0.89727997E+02
0.89767998E+02
0.89807999E+02
0.89848000E+02
0.89888000E+02
0.89928001E+02
0.89968002E+02
0.90008003E+02
0.90047997E+02
0.90087997E+02
0.90127998E+02
0.90167999E+02
0.90208000E+02
0.90248001E+02
0.90288002E+02
0.90328003E+02
0.90367996E+02
0.90407997E+02
0.90447998E+02
0.90487999E+02
0.90528000E+02
0.90568001E+02
0.90608002E+02
0.90648003E+02
0.90687996E+02
0.90727997E+02
0.90767998E+02
0.90807999E+02
0.90848000E+02
0.90888000E+02
0.90928001E+02
0.90968002E+02
0.91008003E+02
0.91047997E+02
0.91087997E+02
0.91127998E+02
0.91167999E+02
0.91208000E+02
0.91248001E+02
0.91288002E+02
0.91328003E+02
0.91367996E+02
0.91407997E+02
0.91447998E+02
0.91487999E+02
0.91528000E+02
0.91568001E+02
0.91608002E+02
0.91648003E+02
0.91687996E+02
0.91727997E+02
0.91767998E+02
0.91807999E+02
0.91848000E+02
0.91888000E+02
0.91928001E+02
0.91968002E+02
0.92008003E+02
0.92047997E+02
0.92087997E+02
0.92127998E+02
0.92167999E+02
0.92208000E+02
0.92248001E+02
0.92288002E+02
0.92328003E+02
0.92367996E+02
0.92407997E+02
0.92447998E+02
0.92487999E+02
0.92528000E+02
0.92568001E+02
0.92608002E+02
0.92648003E+02
0.92687996E+02
0.92727997E+02
0.92767998E+02
0.92807999E+02
0.92848000E+02
0.92888000E+02
0.92928001E+02
0.92968002E+02
0.93008003E+02
0.93047997E+02
0.93087997E+02
0.93127998E+02
0.93167999E+02
0.93208000E+02
0.93248001E+02
0.93288002E+02
0.93328003E+02
0.93367996E+02
0.93407997E+02
0.93447998E+02
0.93487999E+02
0.93528000E+02
0.93568001E+02
0.93608002E+02
0.93648003E+02
0.93687996E+02
0.93727997E+02
0.93767998E+02
0.93807999E+02
0.93848000E+02
0.93888000E+02
0.93928001E+02
0.93968002E+02
0.94008003E+02
0.94047997E+02
0.94087997E+02
0.94127998E+02
0.94167999E+02
0.94208000E+02
0.94248001E+02
0.94288002E+02
0.94328003E+02
0.94367996E+02
0.94407997E+02
0.94447998E+02
0.94487999E+02
0.94528000E+02
0.94568001E+02
0.94608002E+02
0.94648003E+02
0.94687996E+02
0.94727997E+02
0.94767998E+02
0.94807999E+02
0.94848000E+02
0.94888000E+02
0.94928001E+02
0.94968002E+02
0.95008003E+02
0.95047997E+02
0.95087997E+02
0.95127998E+02
0.95167999E+02
0.95208000E+02
0.95248001E+02
0.95288002E+02
0.95328003E+02
0.95367996E+02
0.95407997E+02
0.95447998E+02
0.95487999E+02
0.95528000E+02
0.95568001E+02
0.95608002E+02
0.95648003E+02
0.95687996E+02
0.95727997E+02
0.95767998E+02
0.95807999E+02
0.95848000E+02
0.95888000E+02
0.95928001E+02
0.95968002E+02
0.96008003E+02
0.96047997E+02
0.96087997E+02
0.96127998E+02
0.96167999E+02
0.96208000E+02
0.96248001E+02
0.96288002E+02
0.96328003E+02
0.96367996E+02
0.96407997E+02
0.96447998E+02
0.96487999E+02
0.96528000E+02
0.96568001E+02
0.96608002E+02
0.96648003E+02
0.96687996E+02
0.96727997E+02
0.96767998E+02
0.96807999E+02
0.96848000E+02
0.96888000E+02
0.96928001E+02
0.96968002E+02
0.97008003E+02
0.97047997E+02
0.97087997E+02
0.97127998E+02
0.97167999E+02
0.97208000E+02
0.97248001E+02
0.97288002E+02
0.97328003E+02
0.97367996E+02
0.97407997E+02
0.97447998E+02
0.97487999E+02
0.97528000E+02
0.97568001E+02
0.97608002E+02
0.97648003E+02
0.97687996E+02
0.97727997E+02
0.97767998E+02
0.97807999E+02
0.97848000E+02
0.97888000E+02
0.97928001E+02
0.97968002E+02
0.98008003E+02
0.98047997E+02
0.98087997E+02
0.98127998E+02
0.98167999E+02
0.98208000E+02
0.98248001E+02
0.98288002E+02
0.98328003E+02
0.98367996E+02
0.98407997E+02
0.98447998E+02
0.98487999E+02
0.98528000E+02
0.98568001E+02
0.98608002E+02
0.98648003E+02
0.98687996E+02
0.98727997E+02
0.98767998E+02
0.98807999E+02
0.98848000E+02
0.98888000E+02
0.98928001E+02
0.98968002E+02
0.99008003E+02
0.99047997E+02
0.99087997E+02
0.99127998E+02
0.99167999E+02
0.99208000E+02
0.99248001E+02
0.99288002E+02
0.99328003E+02
0.99367996E+02
0.99407997E+02
0.99447998E+02
0.99487999E+02
0.99528000E+02
0.99568001E+02
0.99608002E+02
0.99648003E+02
0.99687996E+02
0.99727997E+02
0.99767998E+02
0.99807999E+02
0.99848000E+02
0.99888000E+02
0.99928001E+02
0.99968002E+02
0.10000800E+03
0.10004800E+03
0.10008800E+03
0.10012800E+03
0.10016800E+03
0.10020800E+03
0.10024800E+03
0.10028800E+03
0.10032800E+03
0.10036800E+03
0.10040800E+03
0.10044800E+03
0.10048800E+03
0.10052800E+03
0.10056800E+03
0.10060800E+03
0.10064800E+03
0.10068800E+03
0.10072800E+03
0.10076800E+03
0.10080800E+03
0.10084800E+03
0.10088800E+03
0.10092800E+03
0.10096800E+03
0.10100800E+03
0.10104800E+03
0.10108800E+03
0.10112800E+03
0.10116800E+03
0.10120800E+03
0.10124800E+03
0.10128800E+03
0.10132800E+03
0.10136800E+03
0.10140800E+03
0.10144800E+03
0.10148800E+03
0.10152800E+03
0.10156800E+03
0.10160800E+03
0.10164800E+03
0.10168800E+03
0.10172800E+03
0.10176800E+03
0.10180800E+03
0.10184800E+03
0.10188800E+03
0.10192800E+03
0.10196800E+03
0.10200800E+03
0.10204800E+03
0.10208800E+03
0.10212800E+03
0.10216800E+03
0.10220800E+03
0.10224800E+03
0.10228800E+03
0.10232800E+03
0.10236800E+03
0.10240800E+03
0.10244800E+03
0.10248800E+03
0.10252800E+03
0.10256800E+03
0.10260800E+03
0.10264800E+03
0.10268800E+03
0.10272800E+03
0.10276800E+03
0.10280800E+03
0.10284800E+03
0.10288800E+03
0.10292800E+03
0.10296800E+03
0.10300800E+03
0.10304800E+03
0.10308800E+03
0.10312800E+03
0.10316800E+03
0.10320800E+03
0.10324800E+03
0.10328800E+03
0.10332800E+03
0.10336800E+03
0.10340800E+03
0.10344800E+03
0.10348800E+03
0.10352800E+03
0.10356800E+03
0.10360800E+03
0.10364800E+03
0.10368800E+03
0.10372800E+03
0.10376800E+03
0.10380800E+03
0.10384800E+03
0.10388800E+03
0.10392800E+03
0.10396800E+03
0.10400800E+03
0.10404800E+03
0.10408800E+03
0.10412800E+03
0.10416800E+03
0.10420800E+03
0.10424800E+03
0.10428800E+03
0.10432800E+03
0.10436800E+03
0.10440800E+03
0.10444800E+03
0.10448800E+03
0.10452800E+03
0.10456800E+03
0.10460800E+03
0.10464800E+03
0.10468800E+03
0.10472800E+03
0.10476800E+03
0.10480800E+03
0.10484800E+03
0.10488800E+03
0.10492800E+03
0.10496800E+03
0.10500800E+03
0.10504800E+03
0.10508800E+03
0.10512800E+03
0.10516800E+03
0.10520800E+03
0.10524800E+03
0.10528800E+03
0.10532800E+03
0.10536800E+03
0.10540800E+03
0.10544800E+03
0.10548800E+03
0.10552800E+03
0.10556800E+03
0.10560800E+03
0.10564800E+03
0.10568800E+03
0.10572800E+03
0.10576800E+03
0.10580800E+03
0.10584800E+03
0.10588800E+03
0.10592800E+03
0.10596800E+03
0.10600800E+03
0.10604800E+03
0.10608800E+03
0.10612800E+03
0.10616800E+03
0.10620800E+03
0.10624800E+03
0.10628800E+03
0.10632800E+03
0.10636800E+03
0.10640800E+03
0.10644800E+03
0.10648800E+03
0.10652800E+03
0.10656800E+03
0.10660800E+03
0.10664800E+03
0.10668800E+03
0.10672800E+03
0.10676800E+03
0.10680800E+03
0.10684800E+03
0.10688800E+03
0.10692800E+03
0.10696800E+03
0.10700800E+03
0.10704800E+03
0.10708800E+03
0.10712800E+03
0.10716800E+03
0.10720800E+03
0.10724800E+03
0.10728800E+03
0.10732800E+03
0.10736800E+03
0.10740800E+03
0.10744800E+03
0.10748800E+03
0.10752800E+03
0.10756800E+03
0.10760800E+03
0.10764800E+03
0.10768800E+03
0.10772800E+03
0.10776800E+03
0.10780800E+03
0.10784800E+03
0.10788800E+03
0.10792800E+03
0.10796800E+03
0.10800800E+03
0.10804800E+03
0.10808800E+03
0.10812800E+03
0.10816800E+03
0.10820800E+03
0.10824800E+03
0.10828800E+03
0.10832800E+03
0.10836800E+03
0.10840800E+03
0.10844800E+03
0.10848800E+03
0.10852800E+03
0.10856800E+03
0.10860800E+03
0.10864800E+03
0.10868800E+03
0.10872800E+03
0.10876800E+03
0.10880800E+03
0.10884800E+03
0.10888800E+03
0.10892800E+03
0.10896800E+03
0.10900800E+03
0.10904800E+03
0.10908800E+03
0.10912800E+03
0.10916800E+03
0.10920800E+03
0.10924800E+03
0.10928800E+03
0.10932800E+03
0.10936800E+03
0.10940800E+03
0.10944800E+03
0.10948800E+03
0.10952800E+03
0.10956800E+03
0.10960800E+03
0.10964800E+03
0.10968800E+03
0.10972800E+03
0.10976800E+03
0.10980800E+03
0.10984800E+03
0.10988800E+03
0.10992800E+03
0.10996800E+03
0.11000800E+03
0.11004800E+03
0.11008800E+03
0.11012800E+03
0.11016800E+03
0.11020800E+03
0.11024800E+03
0.11028800E+03
0.11032800E+03
0.11036800E+03
0.11040800E+03
0.11044800E+03
0.11048800E+03
0.11052800E+03
0.11056800E+03
0.11060800E+03
0.11064800E+03
0.11068800E+03
0.11072800E+03
0.11076800E+03
0.11080800E+03
0.11084800E+03
0.11088800E+03
0.11092800E+03
0.11096800E+03
0.11100800E+03
0.11104800E+03
0.11108800E+03
0.11112800E+03
0.11116800E+03
0.11120800E+03
0.11124800E+03
0.11128800E+03
0.11132800E+03
0.11136800E+03
0.11140800E+03
0.11144800E+03
0.11148800E+03
0.11152800E+03
0.11156800E+03
0.11160800E+03
0.11164800E+03
0.11168800E+03
0.11172800E+03
0.11176800E+03
0.11180800E+03
0.11184800E+03
0.11188800E+03
0.11192800E+03
0.11196800E+03
0.11200800E+03
0.11204800E+03
0.11208800E+03
0.11212800E+03
0.11216800E+03
0.11220800E+03
0.11224800E+03
0.11228800E+03
0.11232800E+03
0.11236800E+03
0.11240800E+03
0.11244800E+03
0.11248800E+03
0.11252800E+03
0.11256800E+03
0.11260800E+03
0.11264800E+03
0.11268800E+03
0.11272800E+03
0.11276800E+03
0.11280800E+03
0.11284800E+03
0.11288800E+03
0.11292800E+03
0.11296800E+03
0.11300800E+03
0.11304800E+03
0.11308800E+03
0.11312800E+03
0.11316800E+03
0.11320800E+03
0.11324800E+03
0.11328800E+03
0.11332800E+03
0.11336800E+03
0.11340800E+03
0.11344800E+03
0.11348800E+03
0.11352800E+03
0.11356800E+03
0.11360800E+03
0.11364800E+03
0.11368800E+03
0.11372800E+03
0.11376800E+03
0.11380800E+03
0.11384800E+03
0.11388800E+03
0.11392800E+03
0.11396800E+03
0.11400800E+03
0.11404800E+03
0.11408800E+03
0.11412800E+03
0.11416800E+03
0.11420800E+03
0.11424800E+03
0.11428800E+03
0.11432800E+03
0.11436800E+03
0.11440800E+03
0.11444800E+03
0.11448800E+03
0.11452800E+03
0.11456800E+03
0.11460800E+03
0.11464800E+03
0.11468800E+03
0.11472800E+03
0.11476800E+03
0.11480800E+03
0.11484800E+03
0.11488800E+03
0.11492800E+03
0.11496800E+03
0.11500800E+03
0.11504800E+03
0.11508800E+03
0.11512800E+03
0.11516800E+03
0.11520800E+03
0.11524800E+03
0.11528800E+03
0.11532800E+03
0.11536800E+03
0.11540800E+03
0.11544800E+03
0.11548800E+03
0.11552800E+03
0.11556800E+03
0.11560800E+03
0.11564800E+03
0.11568800E+03
0.11572800E+03
0.11576800E+03
0.11580800E+03
0.11584800E+03
0.11588800E+03
0.11592800E+03
0.11596800E+03
0.11600800E+03
0.11604800E+03
0.11608800E+03
0.11612800E+03
0.11616800E+03
0.11620800E+03
0.11624800E+03
0.11628800E+03
0.11632800E+03
0.11636800E+03
0.11640800E+03
0.11644800E+03
0.11648800E+03
0.11652800E+03
0.11656800E+03
0.11660800E+03
0.11664800E+03
0.11668800E+03
0.11672800E+03
0.11676800E+03
0.11680800E+03
0.11684800E+03
0.11688800E+03
0.11692800E+03
0.11696800E+03
0.11700800E+03
0.11704800E+03
0.11708800E+03
0.11712800E+03
0.11716800E+03
0.11720800E+03
0.11724800E+03
0.11728800E+03
0.11732800E+03
0.11736800E+03
0.11740800E+03
0.11744800E+03
0.11748800E+03
0.11752800E+03
0.11756800E+03
0.11760800E+03
0.11764800E+03
0.11768800E+03
0.11772800E+03
0.11776800E+03
0.11780800E+03
0.11784800E+03
0.11788800E+03
0.11792800E+03
0.11796800E+03
0.11800800E+03
0.11804800E+03
0.11808800E+03
0.11812800E+03
0.11816800E+03
0.11820800E+03
0.11824800E+03
0.11828800E+03
0.11832800E+03
0.11836800E+03
0.11840800E+03
0.11844800E+03
0.11848800E+03
0.11852800E+03
0.11856800E+03
0.11860800E+03
0.11864800E+03
0.11868800E+03
0.11872800E+03
0.11876800E+03
0.11880800E+03
0.11884800E+03
0.11888800E+03
0.11892800E+03
0.11896800E+03
0.11900800E+03
0.11904800E+03
0.11908800E+03
0.11912800E+03
0.11916800E+03
0.11920800E+03
0.11924800E+03
0.11928800E+03
0.11932800E+03
0.11936800E+03
0.11940800E+03
0.11944800E+03
0.11948800E+03
0.11952800E+03
0.11956800E+03
0.11960800E+03
0.11964800E+03
0.11968800E+03
0.11972800E+03
0.11976800E+03
0.11980800E+03
0.11984800E+03
0.11988800E+03
0.11992800E+03
0.11996800E+03
0.12000800E+03
0.12004800E+03
0.12008800E+03
0.12012800E+03
0.12016800E+03
0.12020800E+03
0.12024800E+03
0.12028800E+03
0.12032800E+03
0.12036800E+03
0.12040800E+03
0.12044800E+03
0.12048800E+03
0.12052800E+03
0.12056800E+03
0.12060800E+03
0.12064800E+03
0.12068800E+03
0.12072800E+03
0.12076800E+03
0.12080800E+03
0.12084800E+03
0.12088800E+03
0.12092800E+03
0.12096800E+03
0.12100800E+03
0.12104800E+03
0.12108800E+03
0.12112800E+03
0.12116800E+03
0.12120800E+03
0.12124800E+03
0.12128800E+03
0.12132800E+03
0.12136800E+03
0.12140800E+03
0.12144800E+03
0.12148800E+03
0.12152800E+03
0.12156800E+03
0.12160800E+03
0.12164800E+03
0.12168800E+03
0.12172800E+03
0.12176800E+03
0.12180800E+03
0.12184800E+03
0.12188800E+03
0.12192800E+03
0.12196800E+03
0.12200800E+03
0.12204800E+03
0.12208800E+03
0.12212800E+03
0.12216800E+03
0.12220800E+03
0.12224800E+03
0.12228800E+03
0.12232800E+03
0.12236800E+03
0.12240800E+03
0.12244800E+03
0.12248800E+03
0.12252800E+03
0.12256800E+03
0.12260800E+03
0.12264800E+03
0.12268800E+03
0.12272800E+03
0.12276800E+03
0.12280800E+03
0.12284800E+03
0.12288800E+03
0.12292800E+03
0.12296800E+03
0.12300800E+03
0.12304800E+03
0.12308800E+03
0.12312800E+03
0.12316800E+03
0.12320800E+03
0.12324800E+03
0.12328800E+03
0.12332800E+03
0.12336800E+03
0.12340800E+03
0.12344800E+03
0.12348800E+03
0.12352800E+03
0.12356800E+03
0.12360800E+03
0.12364800E+03
0.12368800E+03
0.12372800E+03
0.12376800E+03
0.12380800E+03
0.12384800E+03
0.12388800E+03
0.12392800E+03
0.12396800E+03
0.12400800E+03
0.12404800E+03
0.12408800E+03
0.12412800E+03
0.12416800E+03
0.12420800E+03
0.12424800E+03
0.12428800E+03
0.12432800E+03
0.12436800E+03
0.12440800E+03
0.12444800E+03
0.12448800E+03
0.12452800E+03
0.12456800E+03
0.12460800E+03
0.12464800E+03
0.12468800E+03
0.12472800E+03
0.12476800E+03
0.12480800E+03
0.12484800E+03
0.12488800E+03
0.12492800E+03
0.12496800E+03
0.12500800E+03
0.12504800E+03
0.12508800E+03
0.12512800E+03
0.12516800E+03
0.12520800E+03
0.12524800E+03
0.12528800E+03
0.12532800E+03
0.12536800E+03
0.12540800E+03
0.12544800E+03
0.12548800E+03
0.12552800E+03
0.12556800E+03
0.12560800E+03
0.12564800E+03
0.12568800E+03
0.12572800E+03
0.12576800E+03
0.12580800E+03
0.12584800E+03
0.12588800E+03
0.12592800E+03
0.12596800E+03
0.12600800E+03
0.12604800E+03
0.12608800E+03
0.12612800E+03
0.12616800E+03
0.12620800E+03
0.12624800E+03
0.12628800E+03
0.12632800E+03
0.12636800E+03
0.12640800E+03
0.12644800E+03
0.12648800E+03
0.12652800E+03
0.12656800E+03
0.12660800E+03
0.12664800E+03
0.12668800E+03
0.12672800E+03
0.12676800E+03
0.12680800E+03
0.12684800E+03
0.12688800E+03
0.12692800E+03
0.12696800E+03
0.12700800E+03
0.12704800E+03
0.12708800E+03
0.12712800E+03
0.12716800E+03
0.12720800E+03
0.12724800E+03
0.12728800E+03
0.12732800E+03
0.12736800E+03
0.12740800E+03
0.12744800E+03
0.12748800E+03
0.12752800E+03
0.12756800E+03
0.12760800E+03
0.12764799E+03
0.12768800E+03
0.12772800E+03
0.12776801E+03
0.12780800E+03
0.12784799E+03
0.12788800E+03
0.12792799E+03
0.12796800E+03
0.12800800E+03
0.12804800E+03
0.12808800E+03
0.12812801E+03
0.12816800E+03
0.12820799E+03
0.12824800E+03
0.12828799E+03
0.12832800E+03
0.12836800E+03
0.12840800E+03
0.12844800E+03
0.12848799E+03
0.12852800E+03
0.12856799E+03
0.12860800E+03
0.12864799E+03
0.12868800E+03
0.12872800E+03
0.12876801E+03
0.12880800E+03
0.12884799E+03
0.12888800E+03
0.12892799E+03
0.12896800E+03
0.12900800E+03
0.12904800E+03
0.12908800E+03
0.12912801E+03
0.12916800E+03
0.12920799E+03
0.12924800E+03
0.12928799E+03
0.12932800E+03
0.12936800E+03
0.12940800E+03
0.12944800E+03
0.12948799E+03
0.12952800E+03
0.12956799E+03
0.12960800E+03
0.12964799E+03
0.12968800E+03
0.12972800E+03
0.12976801E+03
0.12980800E+03
0.12984799E+03
0.12988800E+03
0.12992799E+03
0.12996800E+03
0.13000800E+03
0.13004800E+03
0.13008800E+03
0.13012801E+03
0.13016800E+03
0.13020799E+03
0.13024800E+03
0.13028799E+03
0.13032800E+03
0.13036800E+03
0.13040800E+03
0.13044800E+03
0.13048799E+03
0.13052800E+03
0.13056799E+03
0.13060800E+03
0.13064799E+03
0.13068800E+03
0.13072800E+03
0.13076801E+03
0.13080800E+03
0.13084799E+03
0.13088800E+03
0.13092799E+03
0.13096800E+03
0.13100800E+03
0.13104800E+03
0.13108800E+03
0.13112801E+03
0.13116800E+03
0.13120799E+03
0.13124800E+03
0.13128799E+03
0.13132800E+03
0.13136800E+03
0.13140800E+03
0.13144800E+03
0.13148799E+03
0.13152800E+03
0.13156799E+03
0.13160800E+03
0.13164799E+03
0.13168800E+03
0.13172800E+03
0.13176801E+03
0.13180800E+03
0.13184799E+03
0.13188800E+03
0.13192799E+03
0.13196800E+03
0.13200800E+03
0.13204800E+03
0.13208800E+03
0.13212801E+03
0.13216800E+03
0.13220799E+03
0.13224800E+03
0.13228799E+03
0.13232800E+03
0.13236800E+03
0.13240800E+03
0.13244800E+03
0.13248799E+03
0.13252800E+03
0.13256799E+03
0.13260800E+03
0.13264799E+03
0.13268800E+03
0.13272800E+03
0.13276801E+03
0.13280800E+03
0.13284799E+03
0.13288800E+03
0.13292799E+03
0.13296800E+03
0.13300800E+03
0.13304800E+03
0.13308800E+03
0.13312801E+03
0.13316800E+03
0.13320799E+03
0.13324800E+03
0.13328799E+03
0.13332800E+03
0.13336800E+03
0.13340800E+03
0.13344800E+03
0.13348799E+03
0.13352800E+03
0.13356799E+03
0.13360800E+03
0.13364799E+03
0.13368800E+03
0.13372800E+03
0.13376801E+03
0.13380800E+03
0.13384799E+03
0.13388800E+03
0.13392799E+03
0.13396800E+03
0.13400800E+03
0.13404800E+03
0.13408800E+03
0.13412801E+03
0.13416800E+03
0.13420799E+03
0.13424800E+03
0.13428799E+03
0.13432800E+03
0.13436800E+03
0.13440800E+03
0.13444800E+03
0.13448799E+03
0.13452800E+03
0.13456799E+03
0.13460800E+03
0.13464799E+03
0.13468800E+03
0.13472800E+03
0.13476801E+03
0.13480800E+03
0.13484799E+03
0.13488800E+03
0.13492799E+03
0.13496800E+03
0.13500800E+03
0.13504800E+03
0.13508800E+03
0.13512801E+03
0.13516800E+03
0.13520799E+03
0.13524800E+03
0.13528799E+03
0.13532800E+03
0.13536800E+03
0.13540800E+03
0.13544800E+03
0.13548799E+03
0.13552800E+03
0.13556799E+03
0.13560800E+03
0.13564799E+03
0.13568800E+03
0.13572800E+03
0.13576801E+03
0.13580800E+03
0.13584799E+03
0.13588800E+03
0.13592799E+03
0.13596800E+03
0.13600800E+03
0.13604800E+03
0.13608800E+03
0.13612801E+03
0.13616800E+03
0.13620799E+03
0.13624800E+03
0.13628799E+03
0.13632800E+03
0.13636800E+03
0.13640800E+03
0.13644800E+03
0.13648799E+03
0.13652800E+03
0.13656799E+03
0.13660800E+03
0.13664799E+03
0.13668800E+03
0.13672800E+03
0.13676801E+03
0.13680800E+03
0.13684799E+03
0.13688800E+03
0.13692799E+03
0.13696800E+03
0.13700800E+03
0.13704800E+03
0.13708800E+03
0.13712801E+03
0.13716800E+03
0.13720799E+03
0.13724800E+03
0.13728799E+03
0.13732800E+03
0.13736800E+03
0.13740800E+03
0.13744800E+03
0.13748799E+03
0.13752800E+03
0.13756799E+03
0.13760800E+03
0.13764799E+03
0.13768800E+03
0.13772800E+03
0.13776801E+03
0.13780800E+03
0.13784799E+03
0.13788800E+03
0.13792799E+03
0.13796800E+03
0.13800800E+03
0.13804800E+03
0.13808800E+03
0.13812801E+03
0.13816800E+03
0.13820799E+03
0.13824800E+03
0.13828799E+03
0.13832800E+03
0.13836800E+03
0.13840800E+03
0.13844800E+03
0.13848799E+03
0.13852800E+03
0.13856799E+03
0.13860800E+03
0.13864799E+03
0.13868800E+03
0.13872800E+03
0.13876801E+03
0.13880800E+03
0.13884799E+03
0.13888800E+03
0.13892799E+03
0.13896800E+03
0.13900800E+03
0.13904800E+03
0.13908800E+03
0.13912801E+03
0.13916800E+03
0.13920799E+03
0.13924800E+03
0.13928799E+03
0.13932800E+03
0.13936800E+03
0.13940800E+03
0.13944800E+03
0.13948799E+03
0.13952800E+03
0.13956799E+03
0.13960800E+03
0.13964799E+03
0.13968800E+03
0.13972800E+03
0.13976801E+03
0.13980800E+03
0.13984799E+03
0.13988800E+03
0.13992799E+03
0.13996800E+03
0.14000800E+03
0.14004800E+03
0.14008800E+03
0.14012801E+03
0.14016800E+03
0.14020799E+03
0.14024800E+03
0.14028799E+03
0.14032800E+03
0.14036800E+03
0.14040800E+03
0.14044800E+03
0.14048799E+03
0.14052800E+03
0.14056799E+03
0.14060800E+03
0.14064799E+03
0.14068800E+03
0.14072800E+03
0.14076801E+03
0.14080800E+03
0.14084799E+03
0.14088800E+03
0.14092799E+03
0.14096800E+03
0.14100800E+03
0.14104800E+03
0.14108800E+03
0.14112801E+03
0.14116800E+03
0.14120799E+03
0.14124800E+03
0.14128799E+03
0.14132800E+03
0.14136800E+03
0.14140800E+03
0.14144800E+03
0.14148799E+03
0.14152800E+03
0.14156799E+03
0.14160800E+03
0.14164799E+03
0.14168800E+03
0.14172800E+03
0.14176801E+03
0.14180800E+03
0.14184799E+03
0.14188800E+03
0.14192799E+03
0.14196800E+03
0.14200800E+03
0.14204800E+03
0.14208800E+03
0.14212801E+03
0.14216800E+03
0.14220799E+03
0.14224800E+03
0.14228799E+03
0.14232800E+03
0.14236800E+03
0.14240800E+03
0.14244800E+03
0.14248799E+03
0.14252800E+03
0.14256799E+03
0.14260800E+03
0.14264799E+03
0.14268800E+03
0.14272800E+03
0.14276801E+03
0.14280800E+03
0.14284799E+03
0.14288800E+03
0.14292799E+03
0.14296800E+03
0.14300800E+03
0.14304800E+03
0.14308800E+03
0.14312801E+03
0.14316800E+03
0.14320799E+03
0.14324800E+03
0.14328799E+03
0.14332800E+03
0.14336800E+03
0.14340800E+03
0.14344800E+03
0.14348799E+03
0.14352800E+03
0.14356799E+03
0.14360800E+03
0.14364799E+03
0.14368800E+03
0.14372800E+03
0.14376801E+03
0.14380800E+03
0.14384799E+03
0.14388800E+03
0.14392799E+03
0.14396800E+03
0.14400800E+03
0.14404800E+03
0.14408800E+03
0.14412801E+03
0.14416800E+03
0.14420799E+03
0.14424800E+03
0.14428799E+03
0.14432800E+03
0.14436800E+03
0.14440800E+03
0.14444800E+03
0.14448799E+03
0.14452800E+03
0.14456799E+03
0.14460800E+03
0.14464799E+03
0.14468800E+03
0.14472800E+03
0.14476801E+03
0.14480800E+03
0.14484799E+03
0.14488800E+03
0.14492799E+03
0.14496800E+03
0.14500800E+03
0.14504800E+03
0.14508800E+03
0.14512801E+03
0.14516800E+03
0.14520799E+03
0.14524800E+03
0.14528799E+03
0.14532800E+03
0.14536800E+03
0.14540800E+03
0.14544800E+03
0.14548799E+03
0.14552800E+03
0.14556799E+03
0.14560800E+03
0.14564799E+03
0.14568800E+03
0.14572800E+03
0.14576801E+03
0.14580800E+03
0.14584799E+03
0.14588800E+03
0.14592799E+03
0.14596800E+03
0.14600800E+03
0.14604800E+03
0.14608800E+03
0.14612801E+03
0.14616800E+03
0.14620799E+03
0.14624800E+03
0.14628799E+03
0.14632800E+03
0.14636800E+03
0.14640800E+03
0.14644800E+03
0.14648799E+03
0.14652800E+03
0.14656799E+03
0.14660800E+03
0.14664799E+03
0.14668800E+03
0.14672800E+03
0.14676801E+03
0.14680800E+03
0.14684799E+03
0.14688800E+03
0.14692799E+03
0.14696800E+03
0.14700800E+03
0.14704800E+03
0.14708800E+03
0.14712801E+03
0.14716800E+03
0.14720799E+03
0.14724800E+03
0.14728799E+03
0.14732800E+03
0.14736800E+03
0.14740800E+03
0.14744800E+03
0.14748799E+03
0.14752800E+03
0.14756799E+03
0.14760800E+03
0.14764799E+03
0.14768800E+03
0.14772800E+03
0.14776801E+03
0.14780800E+03
0.14784799E+03
0.14788800E+03
0.14792799E+03
0.14796800E+03
0.14800800E+03
0.14804800E+03
0.14808800E+03
0.14812801E+03
0.14816800E+03
0.14820799E+03
0.14824800E+03
0.14828799E+03
0.14832800E+03
0.14836800E+03
0.14840800E+03
0.14844800E+03
0.14848799E+03
0.14852800E+03
0.14856799E+03
0.14860800E+03
0.14864799E+03
0.14868800E+03
0.14872800E+03
0.14876801E+03
0.14880800E+03
0.14884799E+03
0.14888800E+03
0.14892799E+03
0.14896800E+03
0.14900800E+03
0.14904800E+03
0.14908800E+03
0.14912801E+03
0.14916800E+03
0.14920799E+03
0.14924800E+03
0.14928799E+03
0.14932800E+03
0.14936800E+03
0.14940800E+03
0.14944800E+03
0.14948799E+03
0.14952800E+03
0.14956799E+03
0.14960800E+03
0.14964799E+03
0.14968800E+03
0.14972800E+03
0.14976801E+03
0.14980800E+03
0.14984799E+03
0.14988800E+03
0.14992799E+03
0.14996800E+03
0.15000800E+03
0.15004800E+03
0.15008800E+03
0.15012799E+03
0.15016800E+03
0.15020799E+03
0.15024800E+03
0.15028799E+03
0.15032800E+03
0.15036800E+03
0.15040800E+03
0.15044800E+03
0.15048799E+03
0.15052800E+03
0.15056799E+03
0.15060800E+03
0.15064799E+03
0.15068800E+03
0.15072800E+03
0.15076801E+03
0.15080800E+03
0.15084799E+03
0.15088800E+03
0.15092799E+03
0.15096800E+03
0.15100800E+03
0.15104800E+03
0.15108800E+03
0.15112799E+03
0.15116800E+03
0.15120799E+03
0.15124800E+03
0.15128799E+03
0.15132800E+03
0.15136800E+03
0.15140800E+03
0.15144800E+03
0.15148799E+03
0.15152800E+03
0.15156799E+03
0.15160800E+03
0.15164799E+03
0.15168800E+03
0.15172800E+03
0.15176801E+03
0.15180800E+03
0.15184799E+03
0.15188800E+03
0.15192799E+03
0.15196800E+03
0.15200800E+03
0.15204800E+03
0.15208800E+03
0.15212799E+03
0.15216800E+03
0.15220799E+03
0.15224800E+03
0.15228799E+03
0.15232800E+03
0.15236800E+03
0.15240800E+03
0.15244800E+03
0.15248799E+03
0.15252800E+03
0.15256799E+03
0.15260800E+03
0.15264799E+03
0.15268800E+03
0.15272800E+03
0.15276801E+03
0.15280800E+03
0.15284799E+03
0.15288800E+03
0.15292799E+03
0.15296800E+03
0.15300800E+03
0.15304800E+03
0.15308800E+03
0.15312799E+03
0.15316800E+03
0.15320799E+03
0.15324800E+03
0.15328799E+03
0.15332800E+03
0.15336800E+03
0.15340800E+03
0.15344800E+03
0.15348799E+03
0.15352800E+03
0.15356799E+03
0.15360800E+03
0.15364799E+03
0.15368800E+03
0.15372800E+03
0.15376801E+03
0.15380800E+03
0.15384799E+03
0.15388800E+03
0.15392799E+03
0.15396800E+03
0.15400800E+03
0.15404800E+03
0.15408800E+03
0.15412799E+03
0.15416800E+03
0.15420799E+03
0.15424800E+03
0.15428799E+03
0.15432800E+03
0.15436800E+03
0.15440800E+03
0.15444800E+03
0.15448799E+03
0.15452800E+03
0.15456799E+03
0.15460800E+03
0.15464799E+03
0.15468800E+03
0.15472800E+03
0.15476801E+03
0.15480800E+03
0.15484799E+03
0.15488800E+03
0.15492799E+03
0.15496800E+03
0.15500800E+03
0.15504800E+03
0.15508800E+03
0.15512799E+03
0.15516800E+03
0.15520799E+03
0.15524800E+03
0.15528799E+03
0.15532800E+03
0.15536800E+03
0.15540800E+03
0.15544800E+03
0.15548799E+03
0.15552800E+03
0.15556799E+03
0.15560800E+03
0.15564799E+03
0.15568800E+03
0.15572800E+03
0.15576801E+03
0.15580800E+03
0.15584799E+03
0.15588800E+03
0.15592799E+03
0.15596800E+03
0.15600800E+03
0.15604800E+03
0.15608800E+03
0.15612799E+03
0.15616800E+03
0.15620799E+03
0.15624800E+03
0.15628799E+03
0.15632800E+03
0.15636800E+03
0.15640800E+03
0.15644800E+03
0.15648799E+03
0.15652800E+03
0.15656799E+03
0.15660800E+03
0.15664799E+03
0.15668800E+03
0.15672800E+03
0.15676801E+03
0.15680800E+03
0.15684799E+03
0.15688800E+03
0.15692799E+03
0.15696800E+03
0.15700800E+03
0.15704800E+03
0.15708800E+03
0.15712799E+03
0.15716800E+03
0.15720799E+03
0.15724800E+03
0.15728799E+03
0.15732800E+03
0.15736800E+03
0.15740800E+03
0.15744800E+03
0.15748799E+03
0.15752800E+03
0.15756799E+03
0.15760800E+03
0.15764799E+03
0.15768800E+03
0.15772800E+03
0.15776801E+03
0.15780800E+03
0.15784799E+03
0.15788800E+03
0.15792799E+03
0.15796800E+03
0.15800800E+03
0.15804800E+03
0.15808800E+03
0.15812799E+03
0.15816800E+03
0.15820799E+03
0.15824800E+03
0.15828799E+03
0.15832800E+03
0.15836800E+03
0.15840800E+03
0.15844800E+03
0.15848799E+03
0.15852800E+03
0.15856799E+03
0.15860800E+03
0.15864799E+03
0.15868800E+03
0.15872800E+03
0.15876801E+03
0.15880800E+03
0.15884799E+03
0.15888800E+03
0.15892799E+03
0.15896800E+03
0.15900800E+03
0.15904800E+03
0.15908800E+03
0.15912799E+03
0.15916800E+03
0.15920799E+03
0.15924800E+03
0.15928799E+03
0.15932800E+03
0.15936800E+03
0.15940800E+03
0.15944800E+03
0.15948799E+03
0.15952800E+03
0.15956799E+03
0.15960800E+03
0.15964799E+03
0.15968800E+03
0.15972800E+03
0.15976801E+03
0.15980800E+03
0.15984799E+03
0.15988800E+03
0.15992799E+03
0.15996800E+03
0.16000800E+03
0.16004800E+03
0.16008800E+03
0.16012799E+03
0.16016800E+03
0.16020799E+03
0.16024800E+03
0.16028799E+03
0.16032800E+03
0.16036800E+03
0.16040800E+03
0.16044800E+03
0.16048799E+03
0.16052800E+03
0.16056799E+03
0.16060800E+03
0.16064799E+03
0.16068800E+03
0.16072800E+03
0.16076801E+03
0.16080800E+03
0.16084799E+03
0.16088800E+03
0.16092799E+03
0.16096800E+03
0.16100800E+03
0.16104800E+03
0.16108800E+03
0.16112799E+03
0.16116800E+03
0.16120799E+03
0.16124800E+03
0.16128799E+03
0.16132800E+03
0.16136800E+03
0.16140800E+03
0.16144800E+03
0.16148799E+03
0.16152800E+03
0.16156799E+03
0.16160800E+03
0.16164799E+03
0.16168800E+03
0.16172800E+03
0.16176801E+03
0.16180800E+03
0.16184799E+03
0.16188800E+03
0.16192799E+03
0.16196800E+03
0.16200800E+03
0.16204800E+03
0.16208800E+03
0.16212799E+03
0.16216800E+03
0.16220799E+03
0.16224800E+03
0.16228799E+03
0.16232800E+03
0.16236800E+03
0.16240800E+03
0.16244800E+03
0.16248799E+03
0.16252800E+03
0.16256799E+03
0.16260800E+03
0.16264799E+03
0.16268800E+03
0.16272800E+03
0.16276801E+03
0.16280800E+03
0.16284799E+03
0.16288800E+03
0.16292799E+03
0.16296800E+03
0.16300800E+03
0.16304800E+03
0.16308800E+03
0.16312799E+03
0.16316800E+03
0.16320799E+03
0.16324800E+03
0.16328799E+03
0.16332800E+03
0.16336800E+03
0.16340800E+03
0.16344800E+03
0.16348799E+03
0.16352800E+03
0.16356799E+03
0.16360800E+03
0.16364799E+03
0.16368800E+03
0.16372800E+03
0.16376801E+03
0.16380800E+03
0.16384799E+03
0.16388800E+03
0.16392799E+03
0.16396800E+03
0.16400800E+03
0.16404800E+03
0.16408800E+03
0.16412799E+03
0.16416800E+03
0.16420799E+03
0.16424800E+03
0.16428799E+03
0.16432800E+03
0.16436800E+03
0.16440800E+03
0.16444800E+03
0.16448799E+03
0.16452800E+03
0.16456799E+03
0.16460800E+03
0.16464799E+03
0.16468800E+03
0.16472800E+03
0.16476801E+03
0.16480800E+03
0.16484799E+03
0.16488800E+03
0.16492799E+03
0.16496800E+03
0.16500800E+03
0.16504800E+03
0.16508800E+03
0.16512799E+03
0.16516800E+03
0.16520799E+03
0.16524800E+03
0.16528799E+03
0.16532800E+03
0.16536800E+03
0.16540800E+03
0.16544800E+03
0.16548799E+03
0.16552800E+03
0.16556799E+03
0.16560800E+03
0.16564799E+03
0.16568800E+03
0.16572800E+03
0.16576801E+03
0.16580800E+03
0.16584799E+03
0.16588800E+03
0.16592799E+03
0.16596800E+03
0.16600800E+03
0.16604800E+03
0.16608800E+03
0.16612799E+03
0.16616800E+03
0.16620799E+03
0.16624800E+03
0.16628799E+03
0.16632800E+03
0.16636800E+03
0.16640800E+03
0.16644800E+03
0.16648799E+03
0.16652800E+03
0.16656799E+03
0.16660800E+03
0.16664799E+03
0.16668800E+03
0.16672800E+03
0.16676801E+03
0.16680800E+03
0.16684799E+03
0.16688800E+03
0.16692799E+03
0.16696800E+03
0.16700800E+03
0.16704800E+03
0.16708800E+03
0.16712799E+03
0.16716800E+03
0.16720799E+03
0.16724800E+03
0.16728799E+03
0.16732800E+03
0.16736800E+03
0.16740800E+03
0.16744800E+03
0.16748799E+03
0.16752800E+03
0.16756799E+03
0.16760800E+03
0.16764799E+03
0.16768800E+03
0.16772800E+03
0.16776801E+03
0.16780800E+03
0.16784799E+03
0.16788800E+03
0.16792799E+03
0.16796800E+03
0.16800800E+03
0.16804800E+03
0.16808800E+03
0.16812799E+03
0.16816800E+03
0.16820799E+03
0.16824800E+03
0.16828799E+03
0.16832800E+03
0.16836800E+03
0.16840800E+03
0.16844800E+03
0.16848799E+03
0.16852800E+03
0.16856799E+03
0.16860800E+03
0.16864799E+03
0.16868800E+03
0.16872800E+03
0.16876801E+03
0.16880800E+03
0.16884799E+03
0.16888800E+03
0.16892799E+03
0.16896800E+03
0.16900800E+03
0.16904800E+03
0.16908800E+03
0.16912799E+03
0.16916800E+03
0.16920799E+03
0.16924800E+03
0.16928799E+03
0.16932800E+03
0.16936800E+03
0.16940800E+03
0.16944800E+03
0.16948799E+03
0.16952800E+03
0.16956799E+03
0.16960800E+03
0.16964799E+03
0.16968800E+03
0.16972800E+03
0.16976801E+03
0.16980800E+03
0.16984799E+03
0.16988800E+03
0.16992799E+03
0.16996800E+03
0.17000800E+03
0.17004800E+03
0.17008800E+03
0.17012799E+03
0.17016800E+03
0.17020799E+03
0.17024800E+03
0.17028799E+03
0.17032800E+03
0.17036800E+03
0.17040800E+03
0.17044800E+03
0.17048799E+03
0.17052800E+03
0.17056799E+03
0.17060800E+03
0.17064799E+03
0.17068800E+03
0.17072800E+03
0.17076801E+03
0.17080800E+03
0.17084799E+03
0.17088800E+03
0.17092799E+03
0.17096800E+03
0.17100800E+03
0.17104800E+03
0.17108800E+03
0.17112799E+03
0.17116800E+03
0.17120799E+03
0.17124800E+03
0.17128799E+03
0.17132800E+03
0.17136800E+03
0.17140800E+03
0.17144800E+03
0.17148799E+03
0.17152800E+03
0.17156799E+03
0.17160800E+03
0.17164799E+03
0.17168800E+03
0.17172800E+03
0.17176801E+03
0.17180800E+03
0.17184799E+03
0.17188800E+03
0.17192799E+03
0.17196800E+03
0.17200800E+03
0.17204800E+03
0.17208800E+03
0.17212799E+03
0.17216800E+03
0.17220799E+03
0.17224800E+03
0.17228799E+03
0.17232800E+03
0.17236800E+03
0.17240800E+03
0.17244800E+03
0.17248799E+03
0.17252800E+03
0.17256799E+03
0.17260800E+03
0.17264799E+03
0.17268800E+03
0.17272800E+03
0.17276801E+03
0.17280800E+03
0.17284799E+03
0.17288800E+03
0.17292799E+03
0.17296800E+03
0.17300800E+03
0.17304800E+03
0.17308800E+03
0.17312799E+03
0.17316800E+03
0.17320799E+03
0.17324800E+03
0.17328799E+03
0.17332800E+03
0.17336800E+03
0.17340800E+03
0.17344800E+03
0.17348799E+03
0.17352800E+03
0.17356799E+03
0.17360800E+03
0.17364799E+03
0.17368800E+03
0.17372800E+03
0.17376801E+03
0.17380800E+03
0.17384799E+03
0.17388800E+03
0.17392799E+03
0.17396800E+03
0.17400800E+03
0.17404800E+03
0.17408800E+03
0.17412799E+03
0.17416800E+03
0.17420799E+03
0.17424800E+03
0.17428799E+03
0.17432800E+03
0.17436800E+03
0.17440800E+03
0.17444800E+03
0.17448799E+03
0.17452800E+03
0.17456799E+03
0.17460800E+03
0.17464799E+03
0.17468800E+03
0.17472800E+03
0.17476801E+03
0.17480800E+03
0.17484799E+03
0.17488800E+03
0.17492799E+03
0.17496800E+03
0.17500800E+03
0.17504800E+03
0.17508800E+03
0.17512799E+03
0.17516800E+03
0.17520799E+03
0.17524800E+03
0.17528799E+03
0.17532800E+03
0.17536800E+03
0.17540800E+03
0.17544800E+03
0.17548799E+03
0.17552800E+03
0.17556799E+03
0.17560800E+03
0.17564799E+03
0.17568800E+03
0.17572800E+03
0.17576801E+03
0.17580800E+03
0.17584799E+03
0.17588800E+03
0.17592799E+03
0.17596800E+03
0.17600800E+03
0.17604800E+03
0.17608800E+03
0.17612799E+03
0.17616800E+03
0.17620799E+03
0.17624800E+03
0.17628799E+03
0.17632800E+03
0.17636800E+03
0.17640800E+03
0.17644800E+03
0.17648799E+03
0.17652800E+03
0.17656799E+03
0.17660800E+03
0.17664799E+03
0.17668800E+03
0.17672800E+03
0.17676801E+03
0.17680800E+03
0.17684799E+03
0.17688800E+03
0.17692799E+03
0.17696800E+03
0.17700800E+03
0.17704800E+03
0.17708800E+03
0.17712799E+03
0.17716800E+03
0.17720799E+03
0.17724800E+03
0.17728799E+03
0.17732800E+03
0.17736800E+03
0.17740800E+03
0.17744800E+03
0.17748799E+03
0.17752800E+03
0.17756799E+03
0.17760800E+03
0.17764799E+03
0.17768800E+03
0.17772800E+03
0.17776799E+03
0.17780800E+03
0.17784799E+03
0.17788800E+03
0.17792799E+03
0.17796800E+03
0.17800800E+03
0.17804800E+03
0.17808800E+03
0.17812799E+03
0.17816800E+03
0.17820799E+03
0.17824800E+03
0.17828799E+03
0.17832800E+03
0.17836800E+03
0.17840800E+03
0.17844800E+03
0.17848799E+03
0.17852800E+03
0.17856799E+03
0.17860800E+03
0.17864799E+03
0.17868800E+03
0.17872800E+03
0.17876799E+03
0.17880800E+03
0.17884799E+03
0.17888800E+03
0.17892799E+03
0.17896800E+03
0.17900800E+03
0.17904800E+03
0.17908800E+03
0.17912799E+03
0.17916800E+03
0.17920799E+03
0.17924800E+03
0.17928799E+03
0.17932800E+03
0.17936800E+03
0.17940800E+03
0.17944800E+03
0.17948799E+03
0.17952800E+03
0.17956799E+03
0.17960800E+03
0.17964799E+03
0.17968800E+03
0.17972800E+03
0.17976799E+03
0.17980800E+03
0.17984799E+03
0.17988800E+03
0.17992799E+03
0.17996800E+03
0.18000800E+03
0.18004800E+03
0.18008800E+03
0.18012799E+03
0.18016800E+03
0.18020799E+03
0.18024800E+03
0.18028799E+03
0.18032800E+03
0.18036800E+03
0.18040800E+03
0.18044800E+03
0.18048799E+03
0.18052800E+03
0.18056799E+03
0.18060800E+03
0.18064799E+03
0.18068800E+03
0.18072800E+03
0.18076799E+03
0.18080800E+03
0.18084799E+03
0.18088800E+03
0.18092799E+03
0.18096800E+03
0.18100800E+03
0.18104800E+03
0.18108800E+03
0.18112799E+03
0.18116800E+03
0.18120799E+03
0.18124800E+03
0.18128799E+03
0.18132800E+03
0.18136800E+03
0.18140800E+03
0.18144800E+03
0.18148799E+03
0.18152800E+03
0.18156799E+03
0.18160800E+03
0.18164799E+03
0.18168800E+03
0.18172800E+03
0.18176799E+03
0.18180800E+03
0.18184799E+03
0.18188800E+03
0.18192799E+03
0.18196800E+03
0.18200800E+03
0.18204800E+03
0.18208800E+03
0.18212799E+03
0.18216800E+03
0.18220799E+03
0.18224800E+03
0.18228799E+03
0.18232800E+03
0.18236800E+03
0.18240800E+03
0.18244800E+03
0.18248799E+03
0.18252800E+03
0.18256799E+03
0.18260800E+03
0.18264799E+03
0.18268800E+03
0.18272800E+03
0.18276799E+03
0.18280800E+03
0.18284799E+03
0.18288800E+03
0.18292799E+03
0.18296800E+03
0.18300800E+03
0.18304800E+03
0.18308800E+03
0.18312799E+03
0.18316800E+03
0.18320799E+03
0.18324800E+03
0.18328799E+03
0.18332800E+03
0.18336800E+03
0.18340800E+03
0.18344800E+03
0.18348799E+03
0.18352800E+03
0.18356799E+03
0.18360800E+03
0.18364799E+03
0.18368800E+03
0.18372800E+03
0.18376799E+03
0.18380800E+03
0.18384799E+03
0.18388800E+03
0.18392799E+03
0.18396800E+03
0.18400800E+03
0.18404800E+03
0.18408800E+03
0.18412799E+03
0.18416800E+03
0.18420799E+03
0.18424800E+03
0.18428799E+03
0.18432800E+03
0.18436800E+03
0.18440800E+03
0.18444800E+03
0.18448799E+03
0.18452800E+03
0.18456799E+03
0.18460800E+03
0.18464799E+03
0.18468800E+03
0.18472800E+03
0.18476799E+03
0.18480800E+03
0.18484799E+03
0.18488800E+03
0.18492799E+03
0.18496800E+03
0.18500800E+03
0.18504800E+03
0.18508800E+03
0.18512799E+03
0.18516800E+03
0.18520799E+03
0.18524800E+03
0.18528799E+03
0.18532800E+03
0.18536800E+03
0.18540800E+03
0.18544800E+03
0.18548799E+03
0.18552800E+03
0.18556799E+03
0.18560800E+03
0.18564799E+03
0.18568800E+03
0.18572800E+03
0.18576799E+03
0.18580800E+03
0.18584799E+03
0.18588800E+03
0.18592799E+03
0.18596800E+03
0.18600800E+03
0.18604800E+03
0.18608800E+03
0.18612799E+03
0.18616800E+03
0.18620799E+03
0.18624800E+03
0.18628799E+03
0.18632800E+03
0.18636800E+03
0.18640800E+03
0.18644800E+03
0.18648799E+03
0.18652800E+03
0.18656799E+03
0.18660800E+03
0.18664799E+03
0.18668800E+03
0.18672800E+03
0.18676799E+03
0.18680800E+03
0.18684799E+03
0.18688800E+03
0.18692799E+03
0.18696800E+03
0.18700800E+03
0.18704800E+03
0.18708800E+03
0.18712799E+03
0.18716800E+03
0.18720799E+03
0.18724800E+03
0.18728799E+03
0.18732800E+03
0.18736800E+03
0.18740800E+03
0.18744800E+03
0.18748799E+03
0.18752800E+03
0.18756799E+03
0.18760800E+03
0.18764799E+03
0.18768800E+03
0.18772800E+03
0.18776799E+03
0.18780800E+03
0.18784799E+03
0.18788800E+03
0.18792799E+03
0.18796800E+03
0.18800800E+03
0.18804800E+03
0.18808800E+03
0.18812799E+03
0.18816800E+03
0.18820799E+03
0.18824800E+03
0.18828799E+03
0.18832800E+03
0.18836800E+03
0.18840800E+03
0.18844800E+03
0.18848799E+03
0.18852800E+03
0.18856799E+03
0.18860800E+03
0.18864799E+03
0.18868800E+03
0.18872800E+03
0.18876799E+03
0.18880800E+03
0.18884799E+03
0.18888800E+03
0.18892799E+03
0.18896800E+03
0.18900800E+03
0.18904800E+03
0.18908800E+03
0.18912799E+03
0.18916800E+03
0.18920799E+03
0.18924800E+03
0.18928799E+03
0.18932800E+03
0.18936800E+03
0.18940800E+03
0.18944800E+03
0.18948799E+03
0.18952800E+03
0.18956799E+03
0.18960800E+03
0.18964799E+03
0.18968800E+03
0.18972800E+03
0.18976799E+03
0.18980800E+03
0.18984799E+03
0.18988800E+03
0.18992799E+03
0.18996800E+03
0.19000800E+03
0.19004800E+03
0.19008800E+03
0.19012799E+03
0.19016800E+03
0.19020799E+03
0.19024800E+03
0.19028799E+03
0.19032800E+03
0.19036800E+03
0.19040800E+03
0.19044800E+03
0.19048799E+03
0.19052800E+03
0.19056799E+03
0.19060800E+03
0.19064799E+03
0.19068800E+03
0.19072800E+03
0.19076799E+03
0.19080800E+03
0.19084799E+03
0.19088800E+03
0.19092799E+03
0.19096800E+03
0.19100800E+03
0.19104800E+03
0.19108800E+03
0.19112799E+03
0.19116800E+03
0.19120799E+03
0.19124800E+03
0.19128799E+03
0.19132800E+03
0.19136800E+03
0.19140800E+03
0.19144800E+03
0.19148799E+03
0.19152800E+03
0.19156799E+03
0.19160800E+03
0.19164799E+03
0.19168800E+03
0.19172800E+03
0.19176799E+03
0.19180800E+03
0.19184799E+03
0.19188800E+03
0.19192799E+03
0.19196800E+03
0.19200800E+03
0.19204800E+03
0.19208800E+03
0.19212799E+03
0.19216800E+03
0.19220799E+03
0.19224800E+03
0.19228799E+03
0.19232800E+03
0.19236800E+03
0.19240800E+03
0.19244800E+03
0.19248799E+03
0.19252800E+03
0.19256799E+03
0.19260800E+03
0.19264799E+03
0.19268800E+03
0.19272800E+03
0.19276799E+03
0.19280800E+03
0.19284799E+03
0.19288800E+03
0.19292799E+03
0.19296800E+03
0.19300800E+03
0.19304800E+03
0.19308800E+03
0.19312799E+03
0.19316800E+03
0.19320799E+03
0.19324800E+03
0.19328799E+03
0.19332800E+03
0.19336800E+03
0.19340800E+03
0.19344800E+03
0.19348799E+03
0.19352800E+03
0.19356799E+03
0.19360800E+03
0.19364799E+03
0.19368800E+03
0.19372800E+03
0.19376799E+03
0.19380800E+03
0.19384799E+03
0.19388800E+03
0.19392799E+03
0.19396800E+03
0.19400800E+03
0.19404800E+03
0.19408800E+03
0.19412799E+03
0.19416800E+03
0.19420799E+03
0.19424800E+03
0.19428799E+03
0.19432800E+03
0.19436800E+03
0.19440800E+03
0.19444800E+03
0.19448799E+03
0.19452800E+03
0.19456799E+03
0.19460800E+03
0.19464799E+03
0.19468800E+03
0.19472800E+03
0.19476799E+03
0.19480800E+03
0.19484799E+03
0.19488800E+03
0.19492799E+03
0.19496800E+03
0.19500800E+03
0.19504800E+03
0.19508800E+03
0.19512799E+03
0.19516800E+03
0.19520799E+03
0.19524800E+03
0.19528799E+03
0.19532800E+03
0.19536800E+03
0.19540800E+03
0.19544800E+03
0.19548799E+03
0.19552800E+03
0.19556799E+03
0.19560800E+03
0.19564799E+03
0.19568800E+03
0.19572800E+03
0.19576799E+03
0.19580800E+03
0.19584799E+03
0.19588800E+03
0.19592799E+03
0.19596800E+03
0.19600800E+03
0.19604800E+03
0.19608800E+03
0.19612799E+03
0.19616800E+03
0.19620799E+03
0.19624800E+03
0.19628799E+03
0.19632800E+03
0.19636800E+03
0.19640800E+03
0.19644800E+03
0.19648799E+03
0.19652800E+03
0.19656799E+03
0.19660800E+03
0.19664799E+03
0.19668800E+03
0.19672800E+03
0.19676799E+03
0.19680800E+03
0.19684799E+03
0.19688800E+03
0.19692799E+03
0.19696800E+03
0.19700800E+03
0.19704800E+03
0.19708800E+03
0.19712799E+03
0.19716800E+03
0.19720799E+03
0.19724800E+03
0.19728799E+03
0.19732800E+03
0.19736800E+03
0.19740800E+03
0.19744800E+03
0.19748799E+03
0.19752800E+03
0.19756799E+03
0.19760800E+03
0.19764799E+03
0.19768800E+03
0.19772800E+03
0.19776799E+03
0.19780800E+03
0.19784799E+03
0.19788800E+03
0.19792799E+03
0.19796800E+03
0.19800800E+03
0.19804800E+03
0.19808800E+03
0.19812799E+03
0.19816800E+03
0.19820799E+03
0.19824800E+03
0.19828799E+03
0.19832800E+03
0.19836800E+03
0.19840800E+03
0.19844800E+03
0.19848799E+03
0.19852800E+03
0.19856799E+03
0.19860800E+03
0.19864799E+03
0.19868800E+03
0.19872800E+03
0.19876799E+03
0.19880800E+03
0.19884799E+03
0.19888800E+03
0.19892799E+03
0.19896800E+03
0.19900800E+03
0.19904800E+03
0.19908800E+03
0.19912799E+03
0.19916800E+03
0.19920799E+03
0.19924800E+03
0.19928799E+03
0.19932800E+03
0.19936800E+03
0.19940800E+03
0.19944800E+03
0.19948799E+03
0.19952800E+03
0.19956799E+03
