-0.89200211E+00
-0.85200208E+00
-0.81200212E+00
-0.77200210E+00
-0.73200214E+00
-0.69200212E+00
-0.65200210E+00
-0.61200213E+00
-0.57200211E+00
-0.53200209E+00
-0.49200213E+00
-0.45200211E+00
-0.41200212E+00
-0.37200212E+00
-0.33200210E+00
-0.29200214E+00
-0.25200212E+00
-0.21200210E+00
-0.17200214E+00
-0.13200212E+00
-0.92002153E-01
-0.52002132E-01
-0.12002110E-01
0.27997851E-01
0.67997873E-01
0.10799789E+00
0.14799786E+00
0.18799782E+00
0.22799790E+00
0.26799786E+00
0.30799782E+00
0.34799790E+00
0.38799787E+00
0.42799783E+00
0.46799791E+00
0.50799787E+00
0.54799783E+00
0.58799791E+00
0.62799788E+00
0.66799784E+00
0.70799780E+00
0.74799788E+00
0.78799784E+00
0.82799780E+00
0.86799788E+00
0.90799785E+00
0.94799781E+00
0.98799789E+00
0.10279979E+01
0.10679978E+01
0.11079979E+01
0.11479979E+01
0.11879978E+01
0.12279978E+01
0.12679977E+01
0.13079979E+01
0.13479979E+01
0.13879979E+01
0.14279978E+01
0.14679978E+01
0.15079978E+01
0.15479980E+01
0.15879979E+01
0.16279979E+01
0.16679978E+01
0.17079978E+01
0.17479978E+01
0.17879977E+01
0.18279979E+01
0.18679979E+01
0.19079978E+01
0.19479978E+01
0.19879978E+01
0.20279977E+01
0.20679979E+01
0.21079979E+01
0.21479979E+01
0.21879978E+01
0.22279978E+01
0.22679977E+01
0.23079977E+01
0.23479979E+01
0.23879979E+01
0.24279978E+01
0.24679978E+01
0.25079978E+01
0.25479977E+01
0.25879979E+01
0.26279979E+01
0.26679978E+01
0.27079978E+01
0.27479978E+01
0.27879977E+01
0.28279979E+01
0.28679979E+01
0.29079978E+01
0.29479978E+01
0.29879978E+01
0.30279977E+01
0.30679977E+01
0.31079979E+01
0.31479979E+01
0.31879978E+01
0.32279978E+01
0.32679977E+01
0.33079977E+01
0.33479977E+01
0.33879976E+01
0.34279976E+01
0.34679980E+01
0.35079980E+01
0.35479980E+01
0.35879979E+01
0.36279979E+01
0.36679978E+01
0.37079978E+01
0.37479978E+01
0.37879977E+01
0.38279977E+01
0.38679976E+01
0.39079976E+01
0.39479976E+01
0.39879980E+01
0.40279980E+01
0.40679979E+01
0.41079979E+01
0.41479979E+01
0.41879978E+01
0.42279978E+01
0.42679977E+01
0.43079977E+01
0.43479977E+01
0.43879976E+01
0.44279976E+01
0.44679976E+01
0.45079980E+01
0.45479980E+01
0.45879979E+01
0.46279979E+01
0.46679978E+01
0.47079978E+01
0.47479978E+01
0.47879977E+01
0.48279977E+01
0.48679976E+01
0.49079976E+01
0.49479976E+01
0.49879975E+01
0.50279980E+01
0.50679979E+01
0.51079979E+01
0.51479979E+01
0.51879978E+01
0.52279978E+01
0.52679977E+01
0.53079977E+01
0.53479977E+01
0.53879976E+01
0.54279976E+01
0.54679976E+01
0.55079975E+01
0.55479980E+01
0.55879979E+01
0.56279979E+01
0.56679978E+01
0.57079978E+01
0.57479978E+01
0.57879977E+01
0.58279977E+01
0.58679976E+01
0.59079976E+01
0.59479976E+01
0.59879975E+01
0.60279980E+01
0.60679979E+01
0.61079979E+01
0.61479979E+01
0.61879978E+01
0.62279978E+01
0.62679977E+01
0.63079977E+01
0.63479977E+01
0.63879976E+01
0.64279976E+01
0.64679976E+01
0.65079975E+01
0.65479980E+01
0.65879979E+01
0.66279979E+01
0.66679978E+01
0.67079978E+01
0.67479978E+01
0.67879977E+01
0.68279977E+01
0.68679976E+01
0.69079976E+01
0.69479976E+01
0.69879975E+01
0.70279975E+01
0.70679979E+01
0.71079979E+01
0.71479979E+01
0.71879978E+01
0.72279978E+01
0.72679977E+01
0.73079977E+01
0.73479977E+01
0.73879976E+01
0.74279976E+01
0.74679976E+01
0.75079975E+01
0.75479975E+01
0.75879974E+01
0.76279974E+01
0.76679974E+01
0.77079973E+01
0.77479973E+01
0.77879972E+01
0.78279982E+01
0.78679981E+01
0.79079981E+01
0.79479980E+01
0.79879980E+01
0.80279980E+01
0.80679979E+01
0.81079979E+01
0.81479979E+01
0.81879978E+01
0.82279978E+01
0.82679977E+01
0.83079977E+01
0.83479977E+01
0.83879976E+01
0.84279976E+01
0.84679976E+01
0.85079975E+01
0.85479975E+01
0.85879974E+01
0.86279974E+01
0.86679974E+01
0.87079973E+01
0.87479973E+01
0.87879972E+01
0.88279972E+01
0.88679981E+01
0.89079981E+01
0.89479980E+01
0.89879980E+01
0.90279980E+01
0.90679979E+01
0.91079979E+01
0.91479979E+01
0.91879978E+01
0.92279978E+01
0.92679977E+01
0.93079977E+01
0.93479977E+01
0.93879976E+01
0.94279976E+01
0.94679976E+01
0.95079975E+01
0.95479975E+01
0.95879974E+01
0.96279974E+01
0.96679974E+01
0.97079973E+01
0.97479973E+01
0.97879972E+01
0.98279972E+01
0.98679981E+01
0.99079981E+01
0.99479980E+01
0.99879980E+01
0.10027998E+02
0.10067998E+02
0.10107998E+02
0.10147998E+02
0.10187998E+02
0.10227998E+02
0.10267998E+02
0.10307998E+02
0.10347998E+02
0.10387998E+02
0.10427998E+02
0.10467998E+02
0.10507998E+02
0.10547997E+02
0.10587997E+02
0.10627997E+02
0.10667997E+02
0.10707997E+02
0.10747997E+02
0.10787997E+02
0.10827997E+02
0.10867997E+02
0.10907998E+02
0.10947998E+02
0.10987998E+02
0.11027998E+02
0.11067998E+02
0.11107998E+02
0.11147998E+02
0.11187998E+02
0.11227998E+02
0.11267998E+02
0.11307998E+02
0.11347998E+02
0.11387998E+02
0.11427998E+02
0.11467998E+02
0.11507998E+02
0.11547997E+02
0.11587997E+02
0.11627997E+02
0.11667997E+02
0.11707997E+02
0.11747997E+02
0.11787997E+02
0.11827997E+02
0.11867997E+02
0.11907997E+02
0.11947998E+02
0.11987998E+02
0.12027998E+02
0.12067998E+02
0.12107998E+02
0.12147998E+02
0.12187998E+02
0.12227998E+02
0.12267998E+02
0.12307998E+02
0.12347998E+02
0.12387998E+02
0.12427998E+02
0.12467998E+02
0.12507998E+02
0.12547997E+02
0.12587997E+02
0.12627997E+02
0.12667997E+02
0.12707997E+02
0.12747997E+02
0.12787997E+02
0.12827997E+02
0.12867997E+02
0.12907997E+02
0.12947998E+02
0.12987998E+02
0.13027998E+02
0.13067998E+02
0.13107998E+02
0.13147998E+02
0.13187998E+02
0.13227998E+02
0.13267998E+02
0.13307998E+02
0.13347998E+02
0.13387998E+02
0.13427998E+02
0.13467998E+02
0.13507998E+02
0.13547997E+02
0.13587997E+02
0.13627997E+02
0.13667997E+02
0.13707997E+02
0.13747997E+02
0.13787997E+02
0.13827997E+02
0.13867997E+02
0.13907997E+02
0.13947997E+02
0.13987998E+02
0.14027998E+02
0.14067998E+02
0.14107998E+02
0.14147998E+02
0.14187998E+02
0.14227998E+02
0.14267998E+02
0.14307998E+02
0.14347998E+02
0.14387998E+02
0.14427998E+02
0.14467998E+02
0.14507998E+02
0.14547997E+02
0.14587997E+02
0.14627997E+02
0.14667997E+02
0.14707997E+02
0.14747997E+02
0.14787997E+02
0.14827997E+02
0.14867997E+02
0.14907997E+02
0.14947997E+02
0.14987998E+02
0.15027998E+02
0.15067998E+02
0.15107998E+02
0.15147997E+02
0.15187998E+02
0.15227997E+02
0.15267998E+02
0.15307997E+02
0.15347998E+02
0.15387997E+02
0.15427998E+02
0.15467997E+02
0.15507998E+02
0.15547998E+02
0.15587997E+02
0.15627998E+02
0.15667997E+02
0.15707998E+02
0.15747997E+02
0.15787998E+02
0.15827997E+02
0.15867998E+02
0.15907997E+02
0.15947998E+02
0.15987997E+02
0.16027998E+02
0.16067997E+02
0.16107998E+02
0.16147997E+02
0.16187998E+02
0.16227997E+02
0.16267998E+02
0.16307997E+02
0.16347998E+02
0.16387997E+02
0.16427998E+02
0.16467997E+02
0.16507998E+02
0.16547998E+02
0.16587997E+02
0.16627998E+02
0.16667997E+02
0.16707998E+02
0.16747997E+02
0.16787998E+02
0.16827997E+02
0.16867998E+02
0.16907997E+02
0.16947998E+02
0.16987997E+02
0.17027998E+02
0.17067997E+02
0.17107998E+02
0.17147997E+02
0.17187998E+02
0.17227997E+02
0.17267998E+02
0.17307997E+02
0.17347998E+02
0.17387997E+02
0.17427998E+02
0.17467997E+02
0.17507998E+02
0.17547998E+02
0.17587997E+02
0.17627998E+02
0.17667997E+02
0.17707998E+02
0.17747997E+02
0.17787998E+02
0.17827997E+02
0.17867998E+02
0.17907997E+02
0.17947998E+02
0.17987997E+02
0.18027998E+02
0.18067997E+02
0.18107998E+02
0.18147997E+02
0.18187998E+02
0.18227997E+02
0.18267998E+02
0.18307997E+02
0.18347998E+02
0.18387997E+02
0.18427998E+02
0.18467997E+02
0.18507998E+02
0.18547997E+02
0.18587997E+02
0.18627998E+02
0.18667997E+02
0.18707998E+02
0.18747997E+02
0.18787998E+02
0.18827997E+02
0.18867998E+02
0.18907997E+02
0.18947998E+02
0.18987997E+02
0.19027998E+02
0.19067997E+02
0.19107998E+02
0.19147997E+02
0.19187998E+02
0.19227997E+02
0.19267998E+02
0.19307997E+02
0.19347998E+02
0.19387997E+02
0.19427998E+02
0.19467997E+02
0.19507998E+02
0.19547997E+02
0.19587997E+02
0.19627998E+02
0.19667997E+02
0.19707998E+02
0.19747997E+02
0.19787998E+02
0.19827997E+02
0.19867998E+02
0.19907997E+02
0.19947998E+02
0.19987997E+02
0.20027998E+02
0.20067997E+02
0.20107998E+02
0.20147997E+02
0.20187998E+02
0.20227997E+02
0.20267998E+02
0.20307997E+02
0.20347998E+02
0.20387997E+02
0.20427998E+02
0.20467997E+02
0.20507998E+02
0.20547997E+02
0.20587997E+02
0.20627998E+02
0.20667997E+02
0.20707998E+02
0.20747997E+02
0.20787998E+02
0.20827997E+02
0.20867998E+02
0.20907997E+02
0.20947998E+02
0.20987997E+02
0.21027998E+02
0.21067997E+02
0.21107998E+02
0.21147997E+02
0.21187998E+02
0.21227997E+02
0.21267998E+02
0.21307997E+02
0.21347998E+02
0.21387997E+02
0.21427998E+02
0.21467997E+02
0.21507998E+02
0.21547997E+02
0.21587997E+02
0.21627996E+02
0.21667997E+02
0.21707998E+02
0.21747997E+02
0.21787998E+02
0.21827997E+02
0.21867998E+02
0.21907997E+02
0.21947998E+02
0.21987997E+02
0.22027998E+02
0.22067997E+02
0.22107998E+02
0.22147997E+02
0.22187998E+02
0.22227997E+02
0.22267998E+02
0.22307997E+02
0.22347998E+02
0.22387997E+02
0.22427998E+02
0.22467997E+02
0.22507998E+02
0.22547997E+02
0.22587997E+02
0.22627996E+02
0.22667997E+02
0.22707998E+02
0.22747997E+02
0.22787998E+02
0.22827997E+02
0.22867998E+02
0.22907997E+02
0.22947998E+02
0.22987997E+02
0.23027998E+02
0.23067997E+02
0.23107998E+02
0.23147997E+02
0.23187998E+02
0.23227997E+02
0.23267998E+02
0.23307997E+02
0.23347998E+02
0.23387997E+02
0.23427998E+02
0.23467997E+02
0.23507998E+02
0.23547997E+02
0.23587997E+02
0.23627996E+02
0.23667997E+02
0.23707998E+02
0.23747997E+02
0.23787998E+02
0.23827997E+02
0.23867998E+02
0.23907997E+02
0.23947998E+02
0.23987997E+02
0.24027998E+02
0.24067997E+02
0.24107998E+02
0.24147997E+02
0.24187998E+02
0.24227997E+02
0.24267998E+02
0.24307997E+02
0.24347998E+02
0.24387997E+02
0.24427998E+02
0.24467997E+02
0.24507998E+02
0.24547997E+02
0.24587997E+02
0.24627996E+02
0.24667997E+02
0.24707996E+02
0.24747997E+02
0.24787998E+02
0.24827997E+02
0.24867998E+02
0.24907997E+02
0.24947998E+02
0.24987997E+02
0.25027998E+02
0.25067997E+02
0.25107998E+02
0.25147997E+02
0.25187998E+02
0.25227997E+02
0.25267998E+02
0.25307997E+02
0.25347998E+02
0.25387997E+02
0.25427998E+02
0.25467997E+02
0.25507998E+02
0.25547997E+02
0.25587997E+02
0.25627996E+02
0.25667997E+02
0.25707996E+02
0.25747997E+02
0.25787998E+02
0.25827997E+02
0.25867998E+02
0.25907997E+02
0.25947998E+02
0.25987997E+02
0.26027998E+02
0.26067997E+02
0.26107998E+02
0.26147997E+02
0.26187998E+02
0.26227997E+02
0.26267998E+02
0.26307997E+02
0.26347998E+02
0.26387997E+02
0.26427998E+02
0.26467997E+02
0.26507998E+02
0.26547997E+02
0.26587997E+02
0.26627996E+02
0.26667997E+02
0.26707996E+02
0.26747997E+02
0.26787998E+02
0.26827997E+02
0.26867998E+02
0.26907997E+02
0.26947998E+02
0.26987997E+02
0.27027998E+02
0.27067997E+02
0.27107998E+02
0.27147997E+02
0.27187998E+02
0.27227997E+02
0.27267998E+02
0.27307997E+02
0.27347998E+02
0.27387997E+02
0.27427998E+02
0.27467997E+02
0.27507998E+02
0.27547997E+02
0.27587997E+02
0.27627996E+02
0.27667997E+02
0.27707996E+02
0.27747997E+02
0.27787998E+02
0.27827997E+02
0.27867998E+02
0.27907997E+02
0.27947998E+02
0.27987997E+02
0.28027998E+02
0.28067997E+02
0.28107998E+02
0.28147997E+02
0.28187998E+02
0.28227997E+02
0.28267998E+02
0.28307997E+02
0.28347998E+02
0.28387997E+02
0.28427998E+02
0.28467997E+02
0.28507998E+02
0.28547997E+02
0.28587997E+02
0.28627996E+02
0.28667997E+02
0.28707996E+02
0.28747997E+02
0.28787996E+02
0.28827997E+02
0.28867998E+02
0.28907997E+02
0.28947998E+02
0.28987997E+02
0.29027998E+02
0.29067997E+02
0.29107998E+02
0.29147997E+02
0.29187998E+02
0.29227997E+02
0.29267998E+02
0.29307997E+02
0.29347998E+02
0.29387997E+02
0.29427998E+02
0.29467997E+02
0.29507998E+02
0.29547997E+02
0.29587997E+02
0.29627996E+02
0.29667997E+02
0.29707996E+02
0.29747997E+02
0.29787996E+02
0.29827997E+02
0.29867998E+02
0.29907997E+02
0.29947998E+02
0.29987997E+02
0.30027998E+02
0.30067997E+02
0.30107998E+02
0.30147997E+02
0.30187998E+02
0.30227997E+02
0.30267998E+02
0.30307997E+02
0.30347998E+02
0.30387997E+02
0.30427998E+02
0.30467997E+02
0.30507998E+02
0.30547997E+02
0.30587997E+02
0.30627996E+02
0.30667997E+02
0.30707996E+02
0.30747997E+02
0.30787996E+02
0.30827997E+02
0.30867998E+02
0.30907997E+02
0.30947998E+02
0.30987997E+02
0.31027998E+02
0.31067997E+02
0.31107998E+02
0.31147999E+02
0.31187996E+02
0.31227997E+02
0.31267998E+02
0.31307999E+02
0.31347996E+02
0.31387997E+02
0.31427998E+02
0.31467999E+02
0.31507996E+02
0.31547997E+02
0.31587997E+02
0.31627998E+02
0.31667995E+02
0.31707996E+02
0.31747997E+02
0.31787998E+02
0.31827995E+02
0.31867996E+02
0.31907997E+02
0.31947998E+02
0.31987999E+02
0.32027996E+02
0.32067997E+02
0.32107998E+02
0.32147999E+02
0.32187996E+02
0.32227997E+02
0.32267998E+02
0.32307999E+02
0.32347996E+02
0.32387997E+02
0.32427998E+02
0.32467999E+02
0.32507996E+02
0.32547997E+02
0.32587997E+02
0.32627998E+02
0.32667995E+02
0.32707996E+02
0.32747997E+02
0.32787998E+02
0.32827995E+02
0.32867996E+02
0.32907997E+02
0.32947998E+02
0.32987999E+02
0.33027996E+02
0.33067997E+02
0.33107998E+02
0.33147999E+02
0.33187996E+02
0.33227997E+02
0.33267998E+02
0.33307999E+02
0.33347996E+02
0.33387997E+02
0.33427998E+02
0.33467999E+02
0.33507996E+02
0.33547997E+02
0.33587997E+02
0.33627998E+02
0.33667995E+02
0.33707996E+02
0.33747997E+02
0.33787998E+02
0.33827995E+02
0.33867996E+02
0.33907997E+02
0.33947998E+02
0.33987999E+02
0.34027996E+02
0.34067997E+02
0.34107998E+02
0.34147999E+02
0.34187996E+02
0.34227997E+02
0.34267998E+02
0.34307999E+02
0.34347996E+02
0.34387997E+02
0.34427998E+02
0.34467999E+02
0.34507996E+02
0.34547997E+02
0.34587997E+02
0.34627998E+02
0.34667995E+02
0.34707996E+02
0.34747997E+02
0.34787998E+02
0.34827995E+02
0.34867996E+02
0.34907997E+02
0.34947998E+02
0.34987999E+02
0.35027996E+02
0.35067997E+02
0.35107998E+02
0.35147999E+02
0.35187996E+02
0.35227997E+02
0.35267998E+02
0.35307999E+02
0.35347996E+02
0.35387997E+02
0.35427998E+02
0.35467999E+02
0.35507996E+02
0.35547997E+02
0.35587997E+02
0.35627998E+02
0.35667995E+02
0.35707996E+02
0.35747997E+02
0.35787998E+02
0.35827995E+02
0.35867996E+02
0.35907997E+02
0.35947998E+02
0.35987999E+02
0.36027996E+02
0.36067997E+02
0.36107998E+02
0.36147999E+02
0.36187996E+02
0.36227997E+02
0.36267998E+02
0.36307999E+02
0.36347996E+02
0.36387997E+02
0.36427998E+02
0.36467999E+02
0.36507996E+02
0.36547997E+02
0.36587997E+02
0.36627998E+02
0.36667995E+02
0.36707996E+02
0.36747997E+02
0.36787998E+02
0.36827995E+02
0.36867996E+02
0.36907997E+02
0.36947998E+02
0.36987995E+02
0.37027996E+02
0.37067997E+02
0.37107998E+02
0.37147999E+02
0.37187996E+02
0.37227997E+02
0.37267998E+02
0.37307999E+02
0.37347996E+02
0.37387997E+02
0.37427998E+02
0.37467999E+02
0.37507996E+02
0.37547997E+02
0.37587997E+02
0.37627998E+02
0.37667995E+02
0.37707996E+02
0.37747997E+02
0.37787998E+02
0.37827995E+02
0.37867996E+02
0.37907997E+02
0.37947998E+02
0.37987995E+02
0.38027996E+02
0.38067997E+02
0.38107998E+02
0.38147999E+02
0.38187996E+02
0.38227997E+02
0.38267998E+02
0.38307999E+02
0.38347996E+02
0.38387997E+02
0.38427998E+02
0.38467999E+02
0.38507996E+02
0.38547997E+02
0.38587997E+02
0.38627998E+02
0.38667995E+02
0.38707996E+02
0.38747997E+02
0.38787998E+02
0.38827995E+02
0.38867996E+02
0.38907997E+02
0.38947998E+02
0.38987995E+02
0.39027996E+02
0.39067997E+02
0.39107998E+02
0.39147999E+02
0.39187996E+02
0.39227997E+02
0.39267998E+02
0.39307999E+02
0.39347996E+02
0.39387997E+02
0.39427998E+02
0.39467999E+02
0.39507996E+02
0.39547997E+02
0.39587997E+02
0.39627998E+02
0.39667995E+02
0.39707996E+02
0.39747997E+02
0.39787998E+02
0.39827995E+02
0.39867996E+02
0.39907997E+02
0.39947998E+02
0.39987995E+02
0.40027996E+02
0.40067997E+02
0.40107998E+02
0.40147999E+02
0.40187996E+02
0.40227997E+02
0.40267998E+02
0.40307999E+02
0.40347996E+02
0.40387997E+02
0.40427998E+02
0.40467999E+02
0.40507996E+02
0.40547997E+02
0.40587997E+02
0.40627998E+02
0.40667995E+02
0.40707996E+02
0.40747997E+02
0.40787998E+02
0.40827995E+02
0.40867996E+02
0.40907997E+02
0.40947998E+02
0.40987995E+02
0.41027996E+02
0.41067997E+02
0.41107998E+02
0.41147999E+02
0.41187996E+02
0.41227997E+02
0.41267998E+02
0.41307999E+02
0.41347996E+02
0.41387997E+02
0.41427998E+02
0.41467999E+02
0.41507996E+02
0.41547997E+02
0.41587997E+02
0.41627998E+02
0.41667995E+02
0.41707996E+02
0.41747997E+02
0.41787998E+02
0.41827995E+02
0.41867996E+02
0.41907997E+02
0.41947998E+02
0.41987995E+02
0.42027996E+02
0.42067997E+02
0.42107998E+02
0.42147999E+02
0.42187996E+02
0.42227997E+02
0.42267998E+02
0.42307999E+02
0.42347996E+02
0.42387997E+02
0.42427998E+02
0.42467999E+02
0.42507996E+02
0.42547997E+02
0.42587997E+02
0.42627998E+02
0.42667995E+02
0.42707996E+02
0.42747997E+02
0.42787998E+02
0.42827995E+02
0.42867996E+02
0.42907997E+02
0.42947998E+02
0.42987995E+02
0.43027996E+02
0.43067997E+02
0.43107998E+02
0.43147999E+02
0.43187996E+02
0.43227997E+02
0.43267998E+02
0.43307999E+02
0.43347996E+02
0.43387997E+02
0.43427998E+02
0.43467999E+02
0.43507996E+02
0.43547997E+02
0.43587997E+02
0.43627998E+02
0.43667995E+02
0.43707996E+02
0.43747997E+02
0.43787998E+02
0.43827995E+02
0.43867996E+02
0.43907997E+02
0.43947998E+02
0.43987995E+02
0.44027996E+02
0.44067997E+02
0.44107998E+02
0.44147995E+02
0.44187996E+02
0.44227997E+02
0.44267998E+02
0.44307999E+02
0.44347996E+02
0.44387997E+02
0.44427998E+02
0.44467999E+02
0.44507996E+02
0.44547997E+02
0.44587997E+02
0.44627998E+02
0.44667995E+02
0.44707996E+02
0.44747997E+02
0.44787998E+02
0.44827995E+02
0.44867996E+02
0.44907997E+02
0.44947998E+02
0.44987995E+02
0.45027996E+02
0.45067997E+02
0.45107998E+02
0.45147995E+02
0.45187996E+02
0.45227997E+02
0.45267998E+02
0.45307999E+02
0.45347996E+02
0.45387997E+02
0.45427998E+02
0.45467999E+02
0.45507996E+02
0.45547997E+02
0.45587997E+02
0.45627998E+02
0.45667995E+02
0.45707996E+02
0.45747997E+02
0.45787998E+02
0.45827995E+02
0.45867996E+02
0.45907997E+02
0.45947998E+02
0.45987995E+02
0.46027996E+02
0.46067997E+02
0.46107998E+02
0.46147995E+02
0.46187996E+02
0.46227997E+02
0.46267998E+02
0.46307999E+02
0.46347996E+02
0.46387997E+02
0.46427998E+02
0.46467999E+02
0.46507996E+02
0.46547997E+02
0.46587997E+02
0.46627998E+02
0.46667995E+02
0.46707996E+02
0.46747997E+02
0.46787998E+02
0.46827995E+02
0.46867996E+02
0.46907997E+02
0.46947998E+02
0.46987995E+02
0.47027996E+02
0.47067997E+02
0.47107998E+02
0.47147995E+02
0.47187996E+02
0.47227997E+02
0.47267998E+02
0.47307999E+02
0.47347996E+02
0.47387997E+02
0.47427998E+02
0.47467999E+02
0.47507996E+02
0.47547997E+02
0.47587997E+02
0.47627998E+02
0.47667995E+02
0.47707996E+02
0.47747997E+02
0.47787998E+02
0.47827995E+02
0.47867996E+02
0.47907997E+02
0.47947998E+02
0.47987995E+02
0.48027996E+02
0.48067997E+02
0.48107998E+02
0.48147995E+02
0.48187996E+02
0.48227997E+02
0.48267998E+02
0.48307999E+02
0.48347996E+02
0.48387997E+02
0.48427998E+02
0.48467999E+02
0.48507996E+02
0.48547997E+02
0.48587997E+02
0.48627998E+02
0.48667995E+02
0.48707996E+02
0.48747997E+02
0.48787998E+02
0.48827995E+02
0.48867996E+02
0.48907997E+02
0.48947998E+02
0.48987995E+02
0.49027996E+02
0.49067997E+02
0.49107998E+02
0.49147995E+02
0.49187996E+02
0.49227997E+02
0.49267998E+02
0.49307999E+02
0.49347996E+02
0.49387997E+02
0.49427998E+02
0.49467999E+02
0.49507996E+02
0.49547997E+02
0.49587997E+02
0.49627998E+02
0.49667995E+02
0.49707996E+02
0.49747997E+02
0.49787998E+02
0.49827995E+02
0.49867996E+02
0.49907997E+02
0.49947998E+02
0.49987995E+02
0.50027996E+02
0.50067997E+02
0.50107998E+02
0.50147995E+02
0.50187996E+02
0.50227997E+02
0.50267998E+02
0.50307995E+02
0.50347996E+02
0.50387997E+02
0.50427998E+02
0.50467999E+02
0.50507996E+02
0.50547997E+02
0.50587997E+02
0.50627998E+02
0.50667995E+02
0.50707996E+02
0.50747997E+02
0.50787998E+02
0.50827995E+02
0.50867996E+02
0.50907997E+02
0.50947998E+02
0.50987995E+02
0.51027996E+02
0.51067997E+02
0.51107998E+02
0.51147995E+02
0.51187996E+02
0.51227997E+02
0.51267998E+02
0.51307995E+02
0.51347996E+02
0.51387997E+02
0.51427998E+02
0.51467999E+02
0.51507996E+02
0.51547997E+02
0.51587997E+02
0.51627998E+02
0.51667995E+02
0.51707996E+02
0.51747997E+02
0.51787998E+02
0.51827995E+02
0.51867996E+02
0.51907997E+02
0.51947998E+02
0.51987995E+02
0.52027996E+02
0.52067997E+02
0.52107998E+02
0.52147995E+02
0.52187996E+02
0.52227997E+02
0.52267998E+02
0.52307995E+02
0.52347996E+02
0.52387997E+02
0.52427998E+02
0.52467999E+02
0.52507996E+02
0.52547997E+02
0.52587997E+02
0.52627998E+02
0.52667995E+02
0.52707996E+02
0.52747997E+02
0.52787998E+02
0.52827995E+02
0.52867996E+02
0.52907997E+02
0.52947998E+02
0.52987995E+02
0.53027996E+02
0.53067997E+02
0.53107998E+02
0.53147995E+02
0.53187996E+02
0.53227997E+02
0.53267998E+02
0.53307995E+02
0.53347996E+02
0.53387997E+02
0.53427998E+02
0.53467999E+02
0.53507996E+02
0.53547997E+02
0.53587997E+02
0.53627998E+02
0.53667995E+02
0.53707996E+02
0.53747997E+02
0.53787998E+02
0.53827995E+02
0.53867996E+02
0.53907997E+02
0.53947998E+02
0.53987995E+02
0.54027996E+02
0.54067997E+02
0.54107998E+02
0.54147995E+02
0.54187996E+02
0.54227997E+02
0.54267998E+02
0.54307995E+02
0.54347996E+02
0.54387997E+02
0.54427998E+02
0.54467999E+02
0.54507996E+02
0.54547997E+02
0.54587997E+02
0.54627998E+02
0.54667995E+02
0.54707996E+02
0.54747997E+02
0.54787998E+02
0.54827995E+02
0.54867996E+02
0.54907997E+02
0.54947998E+02
0.54987995E+02
0.55027996E+02
0.55067997E+02
0.55107998E+02
0.55147995E+02
0.55187996E+02
0.55227997E+02
0.55267998E+02
0.55307995E+02
0.55347996E+02
0.55387997E+02
0.55427998E+02
0.55467999E+02
0.55507996E+02
0.55547997E+02
0.55587997E+02
0.55627998E+02
0.55667995E+02
0.55707996E+02
0.55747997E+02
0.55787998E+02
0.55827995E+02
0.55867996E+02
0.55907997E+02
0.55947998E+02
0.55987995E+02
0.56027996E+02
0.56067997E+02
0.56107998E+02
0.56147995E+02
0.56187996E+02
0.56227997E+02
0.56267998E+02
0.56307995E+02
0.56347996E+02
0.56387997E+02
0.56427998E+02
0.56467999E+02
0.56507996E+02
0.56547997E+02
0.56587997E+02
0.56627998E+02
0.56667995E+02
0.56707996E+02
0.56747997E+02
0.56787998E+02
0.56827995E+02
0.56867996E+02
0.56907997E+02
0.56947998E+02
0.56987995E+02
0.57027996E+02
0.57067997E+02
0.57107998E+02
0.57147995E+02
0.57187996E+02
0.57227997E+02
0.57267998E+02
0.57307995E+02
0.57347996E+02
0.57387997E+02
0.57427998E+02
0.57467995E+02
0.57507996E+02
0.57547997E+02
0.57587997E+02
0.57627998E+02
0.57667995E+02
0.57707996E+02
0.57747997E+02
0.57787998E+02
0.57827995E+02
0.57867996E+02
0.57907997E+02
0.57947998E+02
0.57987995E+02
0.58027996E+02
0.58067997E+02
0.58107998E+02
0.58147995E+02
0.58187996E+02
0.58227997E+02
0.58267998E+02
0.58307995E+02
0.58347996E+02
0.58387997E+02
0.58427998E+02
0.58467995E+02
0.58507996E+02
0.58547997E+02
0.58587997E+02
0.58627998E+02
0.58667995E+02
0.58707996E+02
0.58747997E+02
0.58787998E+02
0.58827995E+02
0.58867996E+02
0.58907997E+02
0.58947998E+02
0.58987995E+02
0.59027996E+02
0.59067997E+02
0.59107998E+02
0.59147995E+02
0.59187996E+02
0.59227997E+02
0.59267998E+02
0.59307995E+02
0.59347996E+02
0.59387997E+02
0.59427998E+02
0.59467995E+02
0.59507996E+02
0.59547997E+02
0.59587997E+02
0.59627998E+02
0.59667995E+02
0.59707996E+02
0.59747997E+02
0.59787998E+02
0.59827995E+02
0.59867996E+02
0.59907997E+02
0.59947998E+02
0.59987995E+02
0.60027996E+02
0.60067997E+02
0.60107998E+02
0.60147995E+02
0.60187996E+02
0.60227997E+02
0.60267998E+02
0.60307995E+02
0.60347996E+02
0.60387997E+02
0.60427998E+02
0.60467995E+02
0.60507996E+02
0.60547997E+02
0.60587997E+02
0.60627998E+02
0.60667995E+02
0.60707996E+02
0.60747997E+02
0.60787998E+02
0.60827995E+02
0.60867996E+02
0.60907997E+02
0.60947998E+02
0.60987995E+02
0.61027996E+02
0.61067997E+02
0.61107998E+02
0.61147995E+02
0.61187996E+02
0.61227997E+02
0.61267998E+02
0.61307995E+02
0.61347996E+02
0.61387997E+02
0.61427998E+02
0.61467995E+02
0.61507996E+02
0.61547997E+02
0.61587997E+02
0.61627998E+02
0.61667995E+02
0.61707996E+02
0.61747997E+02
0.61787998E+02
0.61827995E+02
0.61867996E+02
0.61907997E+02
0.61947998E+02
0.61987995E+02
0.62027996E+02
0.62067997E+02
0.62107998E+02
0.62147995E+02
0.62187996E+02
0.62227997E+02
0.62267998E+02
0.62307995E+02
0.62347996E+02
0.62387997E+02
0.62427998E+02
0.62467995E+02
0.62507996E+02
0.62547997E+02
0.62587997E+02
0.62627998E+02
0.62667995E+02
0.62707996E+02
0.62747997E+02
0.62787998E+02
0.62827995E+02
0.62867996E+02
0.62907997E+02
0.62947998E+02
0.62987995E+02
0.63027996E+02
0.63067997E+02
0.63107998E+02
0.63147999E+02
0.63188000E+02
0.63227993E+02
0.63267994E+02
0.63307995E+02
0.63347996E+02
0.63387997E+02
0.63427998E+02
0.63467999E+02
0.63507999E+02
0.63547993E+02
0.63587994E+02
0.63627995E+02
0.63667995E+02
0.63707996E+02
0.63747997E+02
0.63787998E+02
0.63827999E+02
0.63868000E+02
0.63907993E+02
0.63947994E+02
0.63987995E+02
0.64028000E+02
0.64067993E+02
0.64108002E+02
0.64147995E+02
0.64188004E+02
0.64227997E+02
0.64267990E+02
0.64307999E+02
0.64347992E+02
0.64388000E+02
0.64427994E+02
0.64468002E+02
0.64507996E+02
0.64547989E+02
0.64587997E+02
0.64627991E+02
0.64667999E+02
0.64707993E+02
0.64748001E+02
0.64787994E+02
0.64828003E+02
0.64867996E+02
0.64907990E+02
0.64947998E+02
0.64987991E+02
0.65028000E+02
0.65067993E+02
0.65108002E+02
0.65147995E+02
0.65188004E+02
0.65227997E+02
0.65267990E+02
0.65307999E+02
0.65347992E+02
0.65388000E+02
0.65427994E+02
0.65468002E+02
0.65507996E+02
0.65547989E+02
0.65587997E+02
0.65627991E+02
0.65667999E+02
0.65707993E+02
0.65748001E+02
0.65787994E+02
0.65828003E+02
0.65867996E+02
0.65907990E+02
0.65947998E+02
0.65987991E+02
0.66028000E+02
0.66067993E+02
0.66108002E+02
0.66147995E+02
0.66188004E+02
0.66227997E+02
0.66267990E+02
0.66307999E+02
0.66347992E+02
0.66388000E+02
0.66427994E+02
0.66468002E+02
0.66507996E+02
0.66547989E+02
0.66587997E+02
0.66627991E+02
0.66667999E+02
0.66707993E+02
0.66748001E+02
0.66787994E+02
0.66828003E+02
0.66867996E+02
0.66907990E+02
0.66947998E+02
0.66987991E+02
0.67028000E+02
0.67067993E+02
0.67108002E+02
0.67147995E+02
0.67188004E+02
0.67227997E+02
0.67267990E+02
0.67307999E+02
0.67347992E+02
0.67388000E+02
0.67427994E+02
0.67468002E+02
0.67507996E+02
0.67547989E+02
0.67587997E+02
0.67627991E+02
0.67667999E+02
0.67707993E+02
0.67748001E+02
0.67787994E+02
0.67828003E+02
0.67867996E+02
0.67907990E+02
0.67947998E+02
0.67987991E+02
0.68028000E+02
0.68067993E+02
0.68108002E+02
0.68147995E+02
0.68188004E+02
0.68227997E+02
0.68267990E+02
0.68307999E+02
0.68347992E+02
0.68388000E+02
0.68427994E+02
0.68468002E+02
0.68507996E+02
0.68547989E+02
0.68587997E+02
0.68627991E+02
0.68667999E+02
0.68707993E+02
0.68748001E+02
0.68787994E+02
0.68828003E+02
0.68867996E+02
0.68907990E+02
0.68947998E+02
0.68987991E+02
0.69028000E+02
0.69067993E+02
0.69108002E+02
0.69147995E+02
0.69188004E+02
0.69227997E+02
0.69267990E+02
0.69307999E+02
0.69347992E+02
0.69388000E+02
0.69427994E+02
0.69468002E+02
0.69507996E+02
0.69547989E+02
0.69587997E+02
0.69627991E+02
0.69667999E+02
0.69707993E+02
0.69748001E+02
0.69787994E+02
0.69828003E+02
0.69867996E+02
0.69907990E+02
0.69947998E+02
0.69987991E+02
0.70028000E+02
0.70067993E+02
0.70108002E+02
0.70147995E+02
0.70188004E+02
0.70227997E+02
0.70267990E+02
0.70307999E+02
0.70347992E+02
0.70388000E+02
0.70427994E+02
0.70468002E+02
0.70507996E+02
0.70547989E+02
0.70587997E+02
0.70627991E+02
0.70667999E+02
0.70707993E+02
0.70748001E+02
0.70787994E+02
0.70828003E+02
0.70867996E+02
0.70907990E+02
0.70947998E+02
0.70987991E+02
0.71028000E+02
0.71067993E+02
0.71108002E+02
0.71147995E+02
0.71188004E+02
0.71227997E+02
0.71267990E+02
0.71307999E+02
0.71347992E+02
0.71388000E+02
0.71427994E+02
0.71468002E+02
0.71507996E+02
0.71547989E+02
0.71587997E+02
0.71627991E+02
0.71667999E+02
0.71707993E+02
0.71748001E+02
0.71787994E+02
0.71828003E+02
0.71867996E+02
0.71907990E+02
0.71947998E+02
0.71987991E+02
0.72028000E+02
0.72067993E+02
0.72108002E+02
0.72147995E+02
0.72188004E+02
0.72227997E+02
0.72267990E+02
0.72307999E+02
0.72347992E+02
0.72388000E+02
0.72427994E+02
0.72468002E+02
0.72507996E+02
0.72547989E+02
0.72587997E+02
0.72627991E+02
0.72667999E+02
0.72707993E+02
0.72748001E+02
0.72787994E+02
0.72828003E+02
0.72867996E+02
0.72907990E+02
0.72947998E+02
0.72987991E+02
0.73028000E+02
0.73067993E+02
0.73108002E+02
0.73147995E+02
0.73188004E+02
0.73227997E+02
0.73267990E+02
0.73307999E+02
0.73347992E+02
0.73388000E+02
0.73427994E+02
0.73468002E+02
0.73507996E+02
0.73547989E+02
0.73587997E+02
0.73627991E+02
0.73667999E+02
0.73707993E+02
0.73748001E+02
0.73787994E+02
0.73828003E+02
0.73867996E+02
0.73907990E+02
0.73947998E+02
0.73987991E+02
0.74028000E+02
0.74067993E+02
0.74108002E+02
0.74147995E+02
0.74188004E+02
0.74227997E+02
0.74267990E+02
0.74307999E+02
0.74347992E+02
0.74388000E+02
0.74427994E+02
0.74468002E+02
0.74507996E+02
0.74547989E+02
0.74587997E+02
0.74627991E+02
0.74667999E+02
0.74707993E+02
0.74748001E+02
0.74787994E+02
0.74828003E+02
0.74867996E+02
0.74907990E+02
0.74947998E+02
0.74987991E+02
0.75028000E+02
0.75067993E+02
0.75108002E+02
0.75147995E+02
0.75188004E+02
0.75227997E+02
0.75267990E+02
0.75307999E+02
0.75347992E+02
0.75388000E+02
0.75427994E+02
0.75468002E+02
0.75507996E+02
0.75547989E+02
0.75587997E+02
0.75627991E+02
0.75667999E+02
0.75707993E+02
0.75748001E+02
0.75787994E+02
0.75828003E+02
0.75867996E+02
0.75907990E+02
0.75947998E+02
0.75987991E+02
0.76028000E+02
0.76067993E+02
0.76108002E+02
0.76147995E+02
0.76188004E+02
0.76227997E+02
0.76267990E+02
0.76307999E+02
0.76347992E+02
0.76388000E+02
0.76427994E+02
0.76468002E+02
0.76507996E+02
0.76547989E+02
0.76587997E+02
0.76627991E+02
0.76667999E+02
0.76707993E+02
0.76748001E+02
0.76787994E+02
0.76828003E+02
0.76867996E+02
0.76907990E+02
0.76947998E+02
0.76987991E+02
0.77028000E+02
0.77067993E+02
0.77108002E+02
0.77147995E+02
0.77188004E+02
0.77227997E+02
0.77267990E+02
0.77307999E+02
0.77347992E+02
0.77388000E+02
0.77427994E+02
0.77468002E+02
0.77507996E+02
0.77547989E+02
0.77587997E+02
0.77627991E+02
0.77667999E+02
0.77707993E+02
0.77748001E+02
0.77787994E+02
0.77828003E+02
0.77867996E+02
0.77907990E+02
0.77947998E+02
0.77987991E+02
0.78028000E+02
0.78067993E+02
0.78108002E+02
0.78147995E+02
0.78188004E+02
0.78227997E+02
0.78267990E+02
0.78307999E+02
0.78347992E+02
0.78388000E+02
0.78427994E+02
0.78468002E+02
0.78507996E+02
0.78547989E+02
0.78587997E+02
0.78627991E+02
0.78667999E+02
0.78707993E+02
0.78748001E+02
0.78787994E+02
0.78828003E+02
0.78867996E+02
0.78907990E+02
0.78947998E+02
0.78987991E+02
0.79028000E+02
0.79067993E+02
0.79108002E+02
0.79147995E+02
0.79188004E+02
0.79227997E+02
0.79267990E+02
0.79307999E+02
0.79347992E+02
0.79388000E+02
0.79427994E+02
0.79468002E+02
0.79507996E+02
0.79547989E+02
0.79587997E+02
0.79627991E+02
0.79667999E+02
0.79707993E+02
0.79748001E+02
0.79787994E+02
0.79828003E+02
0.79867996E+02
0.79907990E+02
0.79947998E+02
0.79987991E+02
0.80028000E+02
0.80067993E+02
0.80108002E+02
0.80147995E+02
0.80188004E+02
0.80227997E+02
0.80267990E+02
0.80307999E+02
0.80347992E+02
0.80388000E+02
0.80427994E+02
0.80468002E+02
0.80507996E+02
0.80547989E+02
0.80587997E+02
0.80627991E+02
0.80667999E+02
0.80707993E+02
0.80748001E+02
0.80787994E+02
0.80828003E+02
0.80867996E+02
0.80907990E+02
0.80947998E+02
0.80987991E+02
0.81028000E+02
0.81067993E+02
0.81108002E+02
0.81147995E+02
0.81188004E+02
0.81227997E+02
0.81267990E+02
0.81307999E+02
0.81347992E+02
0.81388000E+02
0.81427994E+02
0.81468002E+02
0.81507996E+02
0.81547989E+02
0.81587997E+02
0.81627991E+02
0.81667999E+02
0.81707993E+02
0.81748001E+02
0.81787994E+02
0.81828003E+02
0.81867996E+02
0.81907990E+02
0.81947998E+02
0.81987991E+02
0.82028000E+02
0.82067993E+02
0.82108002E+02
0.82147995E+02
0.82188004E+02
0.82227997E+02
0.82267990E+02
0.82307999E+02
0.82347992E+02
0.82388000E+02
0.82427994E+02
0.82468002E+02
0.82507996E+02
0.82547989E+02
0.82587997E+02
0.82627991E+02
0.82667999E+02
0.82707993E+02
0.82748001E+02
0.82787994E+02
0.82828003E+02
0.82867996E+02
0.82907990E+02
0.82947998E+02
0.82987991E+02
0.83028000E+02
0.83067993E+02
0.83108002E+02
0.83147995E+02
0.83188004E+02
0.83227997E+02
0.83267990E+02
0.83307999E+02
0.83347992E+02
0.83388000E+02
0.83427994E+02
0.83468002E+02
0.83507996E+02
0.83547989E+02
0.83587997E+02
0.83627991E+02
0.83667999E+02
0.83707993E+02
0.83748001E+02
0.83787994E+02
0.83828003E+02
0.83867996E+02
0.83907990E+02
0.83947998E+02
0.83987991E+02
0.84028000E+02
0.84067993E+02
0.84108002E+02
0.84147995E+02
0.84188004E+02
0.84227997E+02
0.84267990E+02
0.84307999E+02
0.84347992E+02
0.84388000E+02
0.84427994E+02
0.84468002E+02
0.84507996E+02
0.84547989E+02
0.84587997E+02
0.84627991E+02
0.84667999E+02
0.84707993E+02
0.84748001E+02
0.84787994E+02
0.84828003E+02
0.84867996E+02
0.84907990E+02
0.84947998E+02
0.84987991E+02
0.85028000E+02
0.85067993E+02
0.85108002E+02
0.85147995E+02
0.85188004E+02
0.85227997E+02
0.85267990E+02
0.85307999E+02
0.85347992E+02
0.85388000E+02
0.85427994E+02
0.85468002E+02
0.85507996E+02
0.85547989E+02
0.85587997E+02
0.85627991E+02
0.85667999E+02
0.85707993E+02
0.85748001E+02
0.85787994E+02
0.85828003E+02
0.85867996E+02
0.85907990E+02
0.85947998E+02
0.85987991E+02
0.86028000E+02
0.86067993E+02
0.86108002E+02
0.86147995E+02
0.86188004E+02
0.86227997E+02
0.86267990E+02
0.86307999E+02
0.86347992E+02
0.86388000E+02
0.86427994E+02
0.86468002E+02
0.86507996E+02
0.86547989E+02
0.86587997E+02
0.86627991E+02
0.86667999E+02
0.86707993E+02
0.86748001E+02
0.86787994E+02
0.86828003E+02
0.86867996E+02
0.86907990E+02
0.86947998E+02
0.86987991E+02
0.87028000E+02
0.87067993E+02
0.87108002E+02
0.87147995E+02
0.87188004E+02
0.87227997E+02
0.87267990E+02
0.87307999E+02
0.87347992E+02
0.87388000E+02
0.87427994E+02
0.87468002E+02
0.87507996E+02
0.87547989E+02
0.87587997E+02
0.87627991E+02
0.87667999E+02
0.87707993E+02
0.87748001E+02
0.87787994E+02
0.87828003E+02
0.87867996E+02
0.87907990E+02
0.87947998E+02
0.87987991E+02
0.88028000E+02
0.88067993E+02
0.88108002E+02
0.88147995E+02
0.88187988E+02
0.88227997E+02
0.88267990E+02
0.88307999E+02
0.88347992E+02
0.88388000E+02
0.88427994E+02
0.88468002E+02
0.88507996E+02
0.88547989E+02
0.88587997E+02
0.88627991E+02
0.88667999E+02
0.88707993E+02
0.88748001E+02
0.88787994E+02
0.88828003E+02
0.88867996E+02
0.88907990E+02
0.88947998E+02
0.88987991E+02
0.89028000E+02
0.89067993E+02
0.89108002E+02
0.89147995E+02
0.89187988E+02
0.89227997E+02
0.89267990E+02
0.89307999E+02
0.89347992E+02
0.89388000E+02
0.89427994E+02
0.89468002E+02
0.89507996E+02
0.89547989E+02
0.89587997E+02
0.89627991E+02
0.89667999E+02
0.89707993E+02
0.89748001E+02
0.89787994E+02
0.89828003E+02
0.89867996E+02
0.89907990E+02
0.89947998E+02
0.89987991E+02
0.90028000E+02
0.90067993E+02
0.90108002E+02
0.90147995E+02
0.90187988E+02
0.90227997E+02
0.90267990E+02
0.90307999E+02
0.90347992E+02
0.90388000E+02
0.90427994E+02
0.90468002E+02
0.90507996E+02
0.90547989E+02
0.90587997E+02
0.90627991E+02
0.90667999E+02
0.90707993E+02
0.90748001E+02
0.90787994E+02
0.90828003E+02
0.90867996E+02
0.90907990E+02
0.90947998E+02
0.90987991E+02
0.91028000E+02
0.91067993E+02
0.91108002E+02
0.91147995E+02
0.91187988E+02
0.91227997E+02
0.91267990E+02
0.91307999E+02
0.91347992E+02
0.91388000E+02
0.91427994E+02
0.91468002E+02
0.91507996E+02
0.91547989E+02
0.91587997E+02
0.91627991E+02
0.91667999E+02
0.91707993E+02
0.91748001E+02
0.91787994E+02
0.91828003E+02
0.91867996E+02
0.91907990E+02
0.91947998E+02
0.91987991E+02
0.92028000E+02
0.92067993E+02
0.92108002E+02
0.92147995E+02
0.92187988E+02
0.92227997E+02
0.92267990E+02
0.92307999E+02
0.92347992E+02
0.92388000E+02
0.92427994E+02
0.92468002E+02
0.92507996E+02
0.92547989E+02
0.92587997E+02
0.92627991E+02
0.92667999E+02
0.92707993E+02
0.92748001E+02
0.92787994E+02
0.92828003E+02
0.92867996E+02
0.92907990E+02
0.92947998E+02
0.92987991E+02
0.93028000E+02
0.93067993E+02
0.93108002E+02
0.93147995E+02
0.93187988E+02
0.93227997E+02
0.93267990E+02
0.93307999E+02
0.93347992E+02
0.93388000E+02
0.93427994E+02
0.93468002E+02
0.93507996E+02
0.93547989E+02
0.93587997E+02
0.93627991E+02
0.93667999E+02
0.93707993E+02
0.93748001E+02
0.93787994E+02
0.93828003E+02
0.93867996E+02
0.93907990E+02
0.93947998E+02
0.93987991E+02
0.94028000E+02
0.94067993E+02
0.94108002E+02
0.94147995E+02
0.94187988E+02
0.94227997E+02
0.94267990E+02
0.94307999E+02
0.94347992E+02
0.94388000E+02
0.94427994E+02
0.94468002E+02
0.94507996E+02
0.94547989E+02
0.94587997E+02
0.94627991E+02
0.94667999E+02
0.94707993E+02
0.94748001E+02
0.94787994E+02
0.94828003E+02
0.94867996E+02
0.94907990E+02
0.94947998E+02
0.94987991E+02
0.95028000E+02
0.95067993E+02
0.95108002E+02
0.95147995E+02
0.95187988E+02
0.95227997E+02
0.95267990E+02
0.95307999E+02
0.95347992E+02
0.95388000E+02
0.95427994E+02
0.95468002E+02
0.95507996E+02
0.95547989E+02
0.95587997E+02
0.95627991E+02
0.95667999E+02
0.95707993E+02
0.95748001E+02
0.95787994E+02
0.95828003E+02
0.95867996E+02
0.95907990E+02
0.95947998E+02
0.95987991E+02
0.96028000E+02
0.96067993E+02
0.96108002E+02
0.96147995E+02
0.96187988E+02
0.96227997E+02
0.96267990E+02
0.96307999E+02
0.96347992E+02
0.96388000E+02
0.96427994E+02
0.96468002E+02
0.96507996E+02
0.96547989E+02
0.96587997E+02
0.96627991E+02
0.96667999E+02
0.96707993E+02
0.96748001E+02
0.96787994E+02
0.96828003E+02
0.96867996E+02
0.96907990E+02
0.96947998E+02
0.96987991E+02
0.97028000E+02
0.97067993E+02
0.97108002E+02
0.97147995E+02
0.97187988E+02
0.97227997E+02
0.97267990E+02
0.97307999E+02
0.97347992E+02
0.97388000E+02
0.97427994E+02
0.97468002E+02
0.97507996E+02
0.97547989E+02
0.97587997E+02
0.97627991E+02
0.97667999E+02
0.97707993E+02
0.97748001E+02
0.97787994E+02
0.97828003E+02
0.97867996E+02
0.97907990E+02
0.97947998E+02
0.97987991E+02
0.98028000E+02
0.98067993E+02
0.98108002E+02
0.98147995E+02
0.98187988E+02
0.98227997E+02
0.98267990E+02
0.98307999E+02
0.98347992E+02
0.98388000E+02
0.98427994E+02
0.98468002E+02
0.98507996E+02
0.98547989E+02
0.98587997E+02
0.98627991E+02
0.98667999E+02
0.98707993E+02
0.98748001E+02
0.98787994E+02
0.98828003E+02
0.98867996E+02
0.98907990E+02
0.98947998E+02
0.98987991E+02
0.99028000E+02
0.99067993E+02
0.99108002E+02
0.99147995E+02
0.99187988E+02
0.99227997E+02
0.99267990E+02
0.99307999E+02
0.99347992E+02
0.99388000E+02
0.99427994E+02
0.99468002E+02
0.99507996E+02
0.99547989E+02
0.99587997E+02
0.99627991E+02
0.99667999E+02
0.99707993E+02
0.99748001E+02
0.99787994E+02
0.99828003E+02
0.99867996E+02
0.99907990E+02
0.99947998E+02
0.99987991E+02
0.10002800E+03
0.10006799E+03
0.10010800E+03
0.10014799E+03
0.10018799E+03
0.10022800E+03
0.10026799E+03
0.10030800E+03
0.10034799E+03
0.10038800E+03
0.10042799E+03
0.10046800E+03
0.10050800E+03
0.10054799E+03
0.10058800E+03
0.10062799E+03
0.10066800E+03
0.10070799E+03
0.10074800E+03
0.10078799E+03
0.10082800E+03
0.10086800E+03
0.10090799E+03
0.10094800E+03
0.10098799E+03
0.10102800E+03
0.10106799E+03
0.10110800E+03
0.10114799E+03
0.10118799E+03
0.10122800E+03
0.10126799E+03
0.10130800E+03
0.10134799E+03
0.10138800E+03
0.10142799E+03
0.10146800E+03
0.10150800E+03
0.10154799E+03
0.10158800E+03
0.10162799E+03
0.10166800E+03
0.10170799E+03
0.10174800E+03
0.10178799E+03
0.10182800E+03
0.10186800E+03
0.10190799E+03
0.10194800E+03
0.10198799E+03
0.10202800E+03
0.10206799E+03
0.10210800E+03
0.10214799E+03
0.10218799E+03
0.10222800E+03
0.10226799E+03
0.10230800E+03
0.10234799E+03
0.10238800E+03
0.10242799E+03
0.10246800E+03
0.10250800E+03
0.10254799E+03
0.10258800E+03
0.10262799E+03
0.10266800E+03
0.10270799E+03
0.10274800E+03
0.10278799E+03
0.10282800E+03
0.10286800E+03
0.10290799E+03
0.10294800E+03
0.10298799E+03
0.10302800E+03
0.10306799E+03
0.10310800E+03
0.10314799E+03
0.10318799E+03
0.10322800E+03
0.10326799E+03
0.10330800E+03
0.10334799E+03
0.10338800E+03
0.10342799E+03
0.10346800E+03
0.10350800E+03
0.10354799E+03
0.10358800E+03
0.10362799E+03
0.10366800E+03
0.10370799E+03
0.10374800E+03
0.10378799E+03
0.10382800E+03
0.10386800E+03
0.10390799E+03
0.10394800E+03
0.10398799E+03
0.10402800E+03
0.10406799E+03
0.10410800E+03
0.10414799E+03
0.10418799E+03
0.10422800E+03
0.10426799E+03
0.10430800E+03
0.10434799E+03
0.10438800E+03
0.10442799E+03
0.10446800E+03
0.10450800E+03
0.10454799E+03
0.10458800E+03
0.10462799E+03
0.10466800E+03
0.10470799E+03
0.10474800E+03
0.10478799E+03
0.10482800E+03
0.10486800E+03
0.10490799E+03
0.10494800E+03
0.10498799E+03
0.10502800E+03
0.10506799E+03
0.10510800E+03
0.10514799E+03
0.10518799E+03
0.10522800E+03
0.10526799E+03
0.10530800E+03
0.10534799E+03
0.10538800E+03
0.10542799E+03
0.10546800E+03
0.10550800E+03
0.10554799E+03
0.10558800E+03
0.10562799E+03
0.10566800E+03
0.10570799E+03
0.10574800E+03
0.10578799E+03
0.10582800E+03
0.10586800E+03
0.10590799E+03
0.10594800E+03
0.10598799E+03
0.10602800E+03
0.10606799E+03
0.10610800E+03
0.10614799E+03
0.10618799E+03
0.10622800E+03
0.10626799E+03
0.10630800E+03
0.10634799E+03
0.10638800E+03
0.10642799E+03
0.10646800E+03
0.10650800E+03
0.10654799E+03
0.10658800E+03
0.10662799E+03
0.10666800E+03
0.10670799E+03
0.10674800E+03
0.10678799E+03
0.10682800E+03
0.10686800E+03
0.10690799E+03
0.10694800E+03
0.10698799E+03
0.10702800E+03
0.10706799E+03
0.10710800E+03
0.10714799E+03
0.10718799E+03
0.10722800E+03
0.10726799E+03
0.10730800E+03
0.10734799E+03
0.10738800E+03
0.10742799E+03
0.10746800E+03
0.10750800E+03
0.10754799E+03
0.10758800E+03
0.10762799E+03
0.10766800E+03
0.10770799E+03
0.10774800E+03
0.10778799E+03
0.10782800E+03
0.10786800E+03
0.10790799E+03
0.10794800E+03
0.10798799E+03
0.10802800E+03
0.10806799E+03
0.10810800E+03
0.10814799E+03
0.10818799E+03
0.10822800E+03
0.10826799E+03
0.10830800E+03
0.10834799E+03
0.10838800E+03
0.10842799E+03
0.10846800E+03
0.10850800E+03
0.10854799E+03
0.10858800E+03
0.10862799E+03
0.10866800E+03
0.10870799E+03
0.10874800E+03
0.10878799E+03
0.10882800E+03
0.10886800E+03
0.10890799E+03
0.10894800E+03
0.10898799E+03
0.10902800E+03
0.10906799E+03
0.10910800E+03
0.10914799E+03
0.10918799E+03
0.10922800E+03
0.10926799E+03
0.10930800E+03
0.10934799E+03
0.10938800E+03
0.10942799E+03
0.10946800E+03
0.10950800E+03
0.10954799E+03
0.10958800E+03
0.10962799E+03
0.10966800E+03
0.10970799E+03
0.10974800E+03
0.10978799E+03
0.10982800E+03
0.10986800E+03
0.10990799E+03
0.10994800E+03
0.10998799E+03
0.11002800E+03
0.11006799E+03
0.11010800E+03
0.11014799E+03
0.11018799E+03
0.11022800E+03
0.11026799E+03
0.11030800E+03
0.11034799E+03
0.11038800E+03
0.11042799E+03
0.11046800E+03
0.11050800E+03
0.11054799E+03
0.11058800E+03
0.11062799E+03
0.11066800E+03
0.11070799E+03
0.11074800E+03
0.11078799E+03
0.11082800E+03
0.11086800E+03
0.11090799E+03
0.11094800E+03
0.11098799E+03
0.11102800E+03
0.11106799E+03
0.11110800E+03
0.11114799E+03
0.11118799E+03
0.11122800E+03
0.11126799E+03
0.11130800E+03
0.11134799E+03
0.11138800E+03
0.11142799E+03
0.11146800E+03
0.11150800E+03
0.11154799E+03
0.11158800E+03
0.11162799E+03
0.11166800E+03
0.11170799E+03
0.11174800E+03
0.11178799E+03
0.11182800E+03
0.11186800E+03
0.11190799E+03
0.11194800E+03
0.11198799E+03
0.11202800E+03
0.11206799E+03
0.11210800E+03
0.11214799E+03
0.11218799E+03
0.11222800E+03
0.11226799E+03
0.11230800E+03
0.11234799E+03
0.11238800E+03
0.11242799E+03
0.11246800E+03
0.11250800E+03
0.11254799E+03
0.11258800E+03
0.11262799E+03
0.11266800E+03
0.11270799E+03
0.11274800E+03
0.11278799E+03
0.11282800E+03
0.11286800E+03
0.11290799E+03
0.11294800E+03
0.11298799E+03
0.11302800E+03
0.11306799E+03
0.11310800E+03
0.11314799E+03
0.11318799E+03
0.11322800E+03
0.11326799E+03
0.11330800E+03
0.11334799E+03
0.11338800E+03
0.11342799E+03
0.11346800E+03
0.11350800E+03
0.11354799E+03
0.11358800E+03
0.11362799E+03
0.11366800E+03
0.11370799E+03
0.11374800E+03
0.11378799E+03
0.11382800E+03
0.11386800E+03
0.11390799E+03
0.11394800E+03
0.11398799E+03
0.11402800E+03
0.11406799E+03
0.11410800E+03
0.11414799E+03
0.11418799E+03
0.11422800E+03
0.11426799E+03
0.11430800E+03
0.11434799E+03
0.11438800E+03
0.11442799E+03
0.11446800E+03
0.11450800E+03
0.11454799E+03
0.11458800E+03
0.11462799E+03
0.11466800E+03
0.11470799E+03
0.11474800E+03
0.11478799E+03
0.11482800E+03
0.11486800E+03
0.11490799E+03
0.11494800E+03
0.11498799E+03
0.11502800E+03
0.11506799E+03
0.11510800E+03
0.11514799E+03
0.11518799E+03
0.11522800E+03
0.11526799E+03
0.11530800E+03
0.11534799E+03
0.11538800E+03
0.11542799E+03
0.11546800E+03
0.11550800E+03
0.11554799E+03
0.11558800E+03
0.11562799E+03
0.11566800E+03
0.11570799E+03
0.11574800E+03
0.11578799E+03
0.11582799E+03
0.11586800E+03
0.11590799E+03
0.11594800E+03
0.11598799E+03
0.11602800E+03
0.11606799E+03
0.11610800E+03
0.11614799E+03
0.11618799E+03
0.11622800E+03
0.11626799E+03
0.11630800E+03
0.11634799E+03
0.11638800E+03
0.11642799E+03
0.11646800E+03
0.11650800E+03
0.11654799E+03
0.11658800E+03
0.11662799E+03
0.11666800E+03
0.11670799E+03
0.11674800E+03
0.11678799E+03
0.11682799E+03
0.11686800E+03
0.11690799E+03
0.11694800E+03
0.11698799E+03
0.11702800E+03
0.11706799E+03
0.11710800E+03
0.11714799E+03
0.11718799E+03
0.11722800E+03
0.11726799E+03
0.11730800E+03
0.11734799E+03
0.11738800E+03
0.11742799E+03
0.11746800E+03
0.11750800E+03
0.11754799E+03
0.11758800E+03
0.11762799E+03
0.11766800E+03
0.11770799E+03
0.11774800E+03
0.11778799E+03
0.11782799E+03
0.11786800E+03
0.11790799E+03
0.11794800E+03
0.11798799E+03
0.11802800E+03
0.11806799E+03
0.11810800E+03
0.11814799E+03
0.11818799E+03
0.11822800E+03
0.11826799E+03
0.11830800E+03
0.11834799E+03
0.11838800E+03
0.11842799E+03
0.11846800E+03
0.11850800E+03
0.11854799E+03
0.11858800E+03
0.11862799E+03
0.11866800E+03
0.11870799E+03
0.11874800E+03
0.11878799E+03
0.11882799E+03
0.11886800E+03
0.11890799E+03
0.11894800E+03
0.11898799E+03
0.11902800E+03
0.11906799E+03
0.11910800E+03
0.11914799E+03
0.11918799E+03
0.11922800E+03
0.11926799E+03
0.11930800E+03
0.11934799E+03
0.11938800E+03
0.11942799E+03
0.11946800E+03
0.11950800E+03
0.11954799E+03
0.11958800E+03
0.11962799E+03
0.11966800E+03
0.11970799E+03
0.11974800E+03
0.11978799E+03
0.11982799E+03
0.11986800E+03
0.11990799E+03
0.11994800E+03
0.11998799E+03
0.12002800E+03
0.12006799E+03
0.12010800E+03
0.12014799E+03
0.12018799E+03
0.12022800E+03
0.12026799E+03
0.12030800E+03
0.12034799E+03
0.12038800E+03
0.12042799E+03
0.12046800E+03
0.12050800E+03
0.12054799E+03
0.12058800E+03
0.12062799E+03
0.12066800E+03
0.12070799E+03
0.12074800E+03
0.12078799E+03
0.12082799E+03
0.12086800E+03
0.12090799E+03
0.12094800E+03
0.12098799E+03
0.12102800E+03
0.12106799E+03
0.12110800E+03
0.12114799E+03
0.12118799E+03
0.12122800E+03
0.12126799E+03
0.12130800E+03
0.12134799E+03
0.12138800E+03
0.12142799E+03
0.12146800E+03
0.12150800E+03
0.12154799E+03
0.12158800E+03
0.12162799E+03
0.12166800E+03
0.12170799E+03
0.12174800E+03
0.12178799E+03
0.12182799E+03
0.12186800E+03
0.12190799E+03
0.12194800E+03
0.12198799E+03
0.12202800E+03
0.12206799E+03
0.12210800E+03
0.12214799E+03
0.12218799E+03
0.12222800E+03
0.12226799E+03
0.12230800E+03
0.12234799E+03
0.12238800E+03
0.12242799E+03
0.12246800E+03
0.12250800E+03
0.12254799E+03
0.12258800E+03
0.12262799E+03
0.12266800E+03
0.12270799E+03
0.12274800E+03
0.12278799E+03
0.12282799E+03
0.12286800E+03
0.12290799E+03
0.12294800E+03
0.12298799E+03
0.12302800E+03
0.12306799E+03
0.12310800E+03
0.12314799E+03
0.12318799E+03
0.12322800E+03
0.12326799E+03
0.12330800E+03
0.12334799E+03
0.12338800E+03
0.12342799E+03
0.12346800E+03
0.12350800E+03
0.12354799E+03
0.12358800E+03
0.12362799E+03
0.12366800E+03
0.12370799E+03
0.12374800E+03
0.12378799E+03
0.12382799E+03
0.12386800E+03
0.12390799E+03
0.12394800E+03
0.12398799E+03
0.12402800E+03
0.12406799E+03
0.12410800E+03
0.12414799E+03
0.12418799E+03
0.12422800E+03
0.12426799E+03
0.12430800E+03
0.12434799E+03
0.12438800E+03
0.12442799E+03
0.12446800E+03
0.12450800E+03
0.12454799E+03
0.12458800E+03
0.12462799E+03
0.12466800E+03
0.12470799E+03
0.12474800E+03
0.12478799E+03
0.12482799E+03
0.12486800E+03
0.12490799E+03
0.12494800E+03
0.12498799E+03
0.12502800E+03
0.12506799E+03
0.12510800E+03
0.12514799E+03
0.12518799E+03
0.12522800E+03
0.12526799E+03
0.12530800E+03
0.12534799E+03
0.12538800E+03
0.12542799E+03
0.12546800E+03
0.12550800E+03
0.12554799E+03
0.12558800E+03
0.12562799E+03
0.12566800E+03
0.12570799E+03
0.12574800E+03
0.12578799E+03
0.12582799E+03
0.12586800E+03
0.12590799E+03
0.12594800E+03
0.12598799E+03
0.12602800E+03
0.12606799E+03
0.12610800E+03
0.12614799E+03
0.12618799E+03
0.12622800E+03
0.12626799E+03
0.12630800E+03
0.12634799E+03
0.12638800E+03
0.12642799E+03
0.12646800E+03
0.12650800E+03
0.12654799E+03
0.12658800E+03
0.12662799E+03
0.12666800E+03
0.12670799E+03
0.12674800E+03
0.12678799E+03
0.12682799E+03
0.12686800E+03
0.12690799E+03
0.12694800E+03
0.12698799E+03
0.12702800E+03
0.12706799E+03
0.12710800E+03
0.12714799E+03
0.12718800E+03
0.12722800E+03
0.12726801E+03
0.12730800E+03
0.12734799E+03
0.12738800E+03
0.12742799E+03
0.12746800E+03
0.12750800E+03
0.12754800E+03
0.12758800E+03
0.12762801E+03
0.12766800E+03
0.12770799E+03
0.12774800E+03
0.12778799E+03
0.12782800E+03
0.12786800E+03
0.12790800E+03
0.12794800E+03
0.12798799E+03
0.12802800E+03
0.12806799E+03
0.12810800E+03
0.12814799E+03
0.12818800E+03
0.12822800E+03
0.12826801E+03
0.12830800E+03
0.12834799E+03
0.12838800E+03
0.12842799E+03
0.12846800E+03
0.12850800E+03
0.12854800E+03
0.12858800E+03
0.12862801E+03
0.12866800E+03
0.12870799E+03
0.12874800E+03
0.12878799E+03
0.12882800E+03
0.12886800E+03
0.12890800E+03
0.12894800E+03
0.12898799E+03
0.12902800E+03
0.12906799E+03
0.12910800E+03
0.12914799E+03
0.12918800E+03
0.12922800E+03
0.12926801E+03
0.12930800E+03
0.12934799E+03
0.12938800E+03
0.12942799E+03
0.12946800E+03
0.12950800E+03
0.12954800E+03
0.12958800E+03
0.12962801E+03
0.12966800E+03
0.12970799E+03
0.12974800E+03
0.12978799E+03
0.12982800E+03
0.12986800E+03
0.12990800E+03
0.12994800E+03
0.12998799E+03
0.13002800E+03
0.13006799E+03
0.13010800E+03
0.13014799E+03
0.13018800E+03
0.13022800E+03
0.13026801E+03
0.13030800E+03
0.13034799E+03
0.13038800E+03
0.13042799E+03
0.13046800E+03
0.13050800E+03
0.13054800E+03
0.13058800E+03
0.13062801E+03
0.13066800E+03
0.13070799E+03
0.13074800E+03
0.13078799E+03
0.13082800E+03
0.13086800E+03
0.13090800E+03
0.13094800E+03
0.13098799E+03
0.13102800E+03
0.13106799E+03
0.13110800E+03
0.13114799E+03
0.13118800E+03
0.13122800E+03
0.13126801E+03
0.13130800E+03
0.13134799E+03
0.13138800E+03
0.13142799E+03
0.13146800E+03
0.13150800E+03
0.13154800E+03
0.13158800E+03
0.13162801E+03
0.13166800E+03
0.13170799E+03
0.13174800E+03
0.13178799E+03
0.13182800E+03
0.13186800E+03
0.13190800E+03
0.13194800E+03
0.13198799E+03
0.13202800E+03
0.13206799E+03
0.13210800E+03
0.13214799E+03
0.13218800E+03
0.13222800E+03
0.13226801E+03
0.13230800E+03
0.13234799E+03
0.13238800E+03
0.13242799E+03
0.13246800E+03
0.13250800E+03
0.13254800E+03
0.13258800E+03
0.13262801E+03
0.13266800E+03
0.13270799E+03
0.13274800E+03
0.13278799E+03
0.13282800E+03
0.13286800E+03
0.13290800E+03
0.13294800E+03
0.13298799E+03
0.13302800E+03
0.13306799E+03
0.13310800E+03
0.13314799E+03
0.13318800E+03
0.13322800E+03
0.13326801E+03
0.13330800E+03
0.13334799E+03
0.13338800E+03
0.13342799E+03
0.13346800E+03
0.13350800E+03
0.13354800E+03
0.13358800E+03
0.13362801E+03
0.13366800E+03
0.13370799E+03
0.13374800E+03
0.13378799E+03
0.13382800E+03
0.13386800E+03
0.13390800E+03
0.13394800E+03
0.13398799E+03
0.13402800E+03
0.13406799E+03
0.13410800E+03
0.13414799E+03
0.13418800E+03
0.13422800E+03
0.13426801E+03
0.13430800E+03
0.13434799E+03
0.13438800E+03
0.13442799E+03
0.13446800E+03
0.13450800E+03
0.13454800E+03
0.13458800E+03
0.13462801E+03
0.13466800E+03
0.13470799E+03
0.13474800E+03
0.13478799E+03
0.13482800E+03
0.13486800E+03
0.13490800E+03
0.13494800E+03
0.13498799E+03
0.13502800E+03
0.13506799E+03
0.13510800E+03
0.13514799E+03
0.13518800E+03
0.13522800E+03
0.13526801E+03
0.13530800E+03
0.13534799E+03
0.13538800E+03
0.13542799E+03
0.13546800E+03
0.13550800E+03
0.13554800E+03
0.13558800E+03
0.13562801E+03
0.13566800E+03
0.13570799E+03
0.13574800E+03
0.13578799E+03
0.13582800E+03
0.13586800E+03
0.13590800E+03
0.13594800E+03
0.13598799E+03
0.13602800E+03
0.13606799E+03
0.13610800E+03
0.13614799E+03
0.13618800E+03
0.13622800E+03
0.13626801E+03
0.13630800E+03
0.13634799E+03
0.13638800E+03
0.13642799E+03
0.13646800E+03
0.13650800E+03
0.13654800E+03
0.13658800E+03
0.13662801E+03
0.13666800E+03
0.13670799E+03
0.13674800E+03
0.13678799E+03
0.13682800E+03
0.13686800E+03
0.13690800E+03
0.13694800E+03
0.13698799E+03
0.13702800E+03
0.13706799E+03
0.13710800E+03
0.13714799E+03
0.13718800E+03
0.13722800E+03
0.13726801E+03
0.13730800E+03
0.13734799E+03
0.13738800E+03
0.13742799E+03
0.13746800E+03
0.13750800E+03
0.13754800E+03
0.13758800E+03
0.13762801E+03
0.13766800E+03
0.13770799E+03
0.13774800E+03
0.13778799E+03
0.13782800E+03
0.13786800E+03
0.13790800E+03
0.13794800E+03
0.13798799E+03
0.13802800E+03
0.13806799E+03
0.13810800E+03
0.13814799E+03
0.13818800E+03
0.13822800E+03
0.13826801E+03
0.13830800E+03
0.13834799E+03
0.13838800E+03
0.13842799E+03
0.13846800E+03
0.13850800E+03
0.13854800E+03
0.13858800E+03
0.13862801E+03
0.13866800E+03
0.13870799E+03
0.13874800E+03
0.13878799E+03
0.13882800E+03
0.13886800E+03
0.13890800E+03
0.13894800E+03
0.13898799E+03
0.13902800E+03
0.13906799E+03
0.13910800E+03
0.13914799E+03
0.13918800E+03
0.13922800E+03
0.13926801E+03
0.13930800E+03
0.13934799E+03
0.13938800E+03
0.13942799E+03
0.13946800E+03
0.13950800E+03
0.13954800E+03
0.13958800E+03
0.13962801E+03
0.13966800E+03
0.13970799E+03
0.13974800E+03
0.13978799E+03
0.13982800E+03
0.13986800E+03
0.13990800E+03
0.13994800E+03
0.13998799E+03
0.14002800E+03
0.14006799E+03
0.14010800E+03
0.14014799E+03
0.14018800E+03
0.14022800E+03
0.14026801E+03
0.14030800E+03
0.14034799E+03
0.14038800E+03
0.14042799E+03
0.14046800E+03
0.14050800E+03
0.14054800E+03
0.14058800E+03
0.14062801E+03
0.14066800E+03
0.14070799E+03
0.14074800E+03
0.14078799E+03
0.14082800E+03
0.14086800E+03
0.14090800E+03
0.14094800E+03
0.14098799E+03
0.14102800E+03
0.14106799E+03
0.14110800E+03
0.14114799E+03
0.14118800E+03
0.14122800E+03
0.14126801E+03
0.14130800E+03
0.14134799E+03
0.14138800E+03
0.14142799E+03
0.14146800E+03
0.14150800E+03
0.14154800E+03
0.14158800E+03
0.14162801E+03
0.14166800E+03
0.14170799E+03
0.14174800E+03
0.14178799E+03
0.14182800E+03
0.14186800E+03
0.14190800E+03
0.14194800E+03
0.14198799E+03
0.14202800E+03
0.14206799E+03
0.14210800E+03
0.14214799E+03
0.14218800E+03
0.14222800E+03
0.14226801E+03
0.14230800E+03
0.14234799E+03
0.14238800E+03
0.14242799E+03
0.14246800E+03
0.14250800E+03
0.14254800E+03
0.14258800E+03
0.14262801E+03
0.14266800E+03
0.14270799E+03
0.14274800E+03
0.14278799E+03
0.14282800E+03
0.14286800E+03
0.14290800E+03
0.14294800E+03
0.14298799E+03
0.14302800E+03
0.14306799E+03
0.14310800E+03
0.14314799E+03
0.14318800E+03
0.14322800E+03
0.14326801E+03
0.14330800E+03
0.14334799E+03
0.14338800E+03
0.14342799E+03
0.14346800E+03
0.14350800E+03
0.14354800E+03
0.14358800E+03
0.14362801E+03
0.14366800E+03
0.14370799E+03
0.14374800E+03
0.14378799E+03
0.14382800E+03
0.14386800E+03
0.14390800E+03
0.14394800E+03
0.14398799E+03
0.14402800E+03
0.14406799E+03
0.14410800E+03
0.14414799E+03
0.14418800E+03
0.14422800E+03
0.14426801E+03
0.14430800E+03
0.14434799E+03
0.14438800E+03
0.14442799E+03
0.14446800E+03
0.14450800E+03
0.14454800E+03
0.14458800E+03
0.14462801E+03
0.14466800E+03
0.14470799E+03
0.14474800E+03
0.14478799E+03
0.14482800E+03
0.14486800E+03
0.14490800E+03
0.14494800E+03
0.14498799E+03
0.14502800E+03
0.14506799E+03
0.14510800E+03
0.14514799E+03
0.14518800E+03
0.14522800E+03
0.14526801E+03
0.14530800E+03
0.14534799E+03
0.14538800E+03
0.14542799E+03
0.14546800E+03
0.14550800E+03
0.14554800E+03
0.14558800E+03
0.14562801E+03
0.14566800E+03
0.14570799E+03
0.14574800E+03
0.14578799E+03
0.14582800E+03
0.14586800E+03
0.14590800E+03
0.14594800E+03
0.14598799E+03
0.14602800E+03
0.14606799E+03
0.14610800E+03
0.14614799E+03
0.14618800E+03
0.14622800E+03
0.14626801E+03
0.14630800E+03
0.14634799E+03
0.14638800E+03
0.14642799E+03
0.14646800E+03
0.14650800E+03
0.14654800E+03
0.14658800E+03
0.14662801E+03
0.14666800E+03
0.14670799E+03
0.14674800E+03
0.14678799E+03
0.14682800E+03
0.14686800E+03
0.14690800E+03
0.14694800E+03
0.14698799E+03
0.14702800E+03
0.14706799E+03
0.14710800E+03
0.14714799E+03
0.14718800E+03
0.14722800E+03
0.14726801E+03
0.14730800E+03
0.14734799E+03
0.14738800E+03
0.14742799E+03
0.14746800E+03
0.14750800E+03
0.14754800E+03
0.14758800E+03
0.14762801E+03
0.14766800E+03
0.14770799E+03
0.14774800E+03
0.14778799E+03
0.14782800E+03
0.14786800E+03
0.14790800E+03
0.14794800E+03
0.14798799E+03
0.14802800E+03
0.14806799E+03
0.14810800E+03
0.14814799E+03
0.14818800E+03
0.14822800E+03
0.14826801E+03
0.14830800E+03
0.14834799E+03
0.14838800E+03
0.14842799E+03
0.14846800E+03
0.14850800E+03
0.14854800E+03
0.14858800E+03
0.14862801E+03
0.14866800E+03
0.14870799E+03
0.14874800E+03
0.14878799E+03
0.14882800E+03
0.14886800E+03
0.14890800E+03
0.14894800E+03
0.14898799E+03
0.14902800E+03
0.14906799E+03
0.14910800E+03
0.14914799E+03
0.14918800E+03
0.14922800E+03
0.14926801E+03
0.14930800E+03
0.14934799E+03
0.14938800E+03
0.14942799E+03
0.14946800E+03
0.14950800E+03
0.14954800E+03
0.14958800E+03
0.14962799E+03
0.14966800E+03
0.14970799E+03
0.14974800E+03
0.14978799E+03
0.14982800E+03
0.14986800E+03
0.14990800E+03
0.14994800E+03
0.14998799E+03
0.15002800E+03
0.15006799E+03
0.15010800E+03
0.15014799E+03
0.15018800E+03
0.15022800E+03
0.15026801E+03
0.15030800E+03
0.15034799E+03
0.15038800E+03
0.15042799E+03
0.15046800E+03
0.15050800E+03
0.15054800E+03
0.15058800E+03
0.15062799E+03
0.15066800E+03
0.15070799E+03
0.15074800E+03
0.15078799E+03
0.15082800E+03
0.15086800E+03
0.15090800E+03
0.15094800E+03
0.15098799E+03
0.15102800E+03
0.15106799E+03
0.15110800E+03
0.15114799E+03
0.15118800E+03
0.15122800E+03
0.15126801E+03
0.15130800E+03
0.15134799E+03
0.15138800E+03
0.15142799E+03
0.15146800E+03
0.15150800E+03
0.15154800E+03
0.15158800E+03
0.15162799E+03
0.15166800E+03
0.15170799E+03
0.15174800E+03
0.15178799E+03
0.15182800E+03
0.15186800E+03
0.15190800E+03
0.15194800E+03
0.15198799E+03
0.15202800E+03
0.15206799E+03
0.15210800E+03
0.15214799E+03
0.15218800E+03
0.15222800E+03
0.15226801E+03
0.15230800E+03
0.15234799E+03
0.15238800E+03
0.15242799E+03
0.15246800E+03
0.15250800E+03
0.15254800E+03
0.15258800E+03
0.15262799E+03
0.15266800E+03
0.15270799E+03
0.15274800E+03
0.15278799E+03
0.15282800E+03
0.15286800E+03
0.15290800E+03
0.15294800E+03
0.15298799E+03
0.15302800E+03
0.15306799E+03
0.15310800E+03
0.15314799E+03
0.15318800E+03
0.15322800E+03
0.15326801E+03
0.15330800E+03
0.15334799E+03
0.15338800E+03
0.15342799E+03
0.15346800E+03
0.15350800E+03
0.15354800E+03
0.15358800E+03
0.15362799E+03
0.15366800E+03
0.15370799E+03
0.15374800E+03
0.15378799E+03
0.15382800E+03
0.15386800E+03
0.15390800E+03
0.15394800E+03
0.15398799E+03
0.15402800E+03
0.15406799E+03
0.15410800E+03
0.15414799E+03
0.15418800E+03
0.15422800E+03
0.15426801E+03
0.15430800E+03
0.15434799E+03
0.15438800E+03
0.15442799E+03
0.15446800E+03
0.15450800E+03
0.15454800E+03
0.15458800E+03
0.15462799E+03
0.15466800E+03
0.15470799E+03
0.15474800E+03
0.15478799E+03
0.15482800E+03
0.15486800E+03
0.15490800E+03
0.15494800E+03
0.15498799E+03
0.15502800E+03
0.15506799E+03
0.15510800E+03
0.15514799E+03
0.15518800E+03
0.15522800E+03
0.15526801E+03
0.15530800E+03
0.15534799E+03
0.15538800E+03
0.15542799E+03
0.15546800E+03
0.15550800E+03
0.15554800E+03
0.15558800E+03
0.15562799E+03
0.15566800E+03
0.15570799E+03
0.15574800E+03
0.15578799E+03
0.15582800E+03
0.15586800E+03
0.15590800E+03
0.15594800E+03
0.15598799E+03
0.15602800E+03
0.15606799E+03
0.15610800E+03
0.15614799E+03
0.15618800E+03
0.15622800E+03
0.15626801E+03
0.15630800E+03
0.15634799E+03
0.15638800E+03
0.15642799E+03
0.15646800E+03
0.15650800E+03
0.15654800E+03
0.15658800E+03
0.15662799E+03
0.15666800E+03
0.15670799E+03
0.15674800E+03
0.15678799E+03
0.15682800E+03
0.15686800E+03
0.15690800E+03
0.15694800E+03
0.15698799E+03
0.15702800E+03
0.15706799E+03
0.15710800E+03
0.15714799E+03
0.15718800E+03
0.15722800E+03
0.15726801E+03
0.15730800E+03
0.15734799E+03
0.15738800E+03
0.15742799E+03
0.15746800E+03
0.15750800E+03
0.15754800E+03
0.15758800E+03
0.15762799E+03
0.15766800E+03
0.15770799E+03
0.15774800E+03
0.15778799E+03
0.15782800E+03
0.15786800E+03
0.15790800E+03
0.15794800E+03
0.15798799E+03
0.15802800E+03
0.15806799E+03
0.15810800E+03
0.15814799E+03
0.15818800E+03
0.15822800E+03
0.15826801E+03
0.15830800E+03
0.15834799E+03
0.15838800E+03
0.15842799E+03
0.15846800E+03
0.15850800E+03
0.15854800E+03
0.15858800E+03
0.15862799E+03
0.15866800E+03
0.15870799E+03
0.15874800E+03
0.15878799E+03
0.15882800E+03
0.15886800E+03
0.15890800E+03
0.15894800E+03
0.15898799E+03
0.15902800E+03
0.15906799E+03
0.15910800E+03
0.15914799E+03
0.15918800E+03
0.15922800E+03
0.15926801E+03
0.15930800E+03
0.15934799E+03
0.15938800E+03
0.15942799E+03
0.15946800E+03
0.15950800E+03
0.15954800E+03
0.15958800E+03
0.15962799E+03
0.15966800E+03
0.15970799E+03
0.15974800E+03
0.15978799E+03
0.15982800E+03
0.15986800E+03
0.15990800E+03
0.15994800E+03
0.15998799E+03
0.16002800E+03
0.16006799E+03
0.16010800E+03
0.16014799E+03
0.16018800E+03
0.16022800E+03
0.16026801E+03
0.16030800E+03
0.16034799E+03
0.16038800E+03
0.16042799E+03
0.16046800E+03
0.16050800E+03
0.16054800E+03
0.16058800E+03
0.16062799E+03
0.16066800E+03
0.16070799E+03
0.16074800E+03
0.16078799E+03
0.16082800E+03
0.16086800E+03
0.16090800E+03
0.16094800E+03
0.16098799E+03
0.16102800E+03
0.16106799E+03
0.16110800E+03
0.16114799E+03
0.16118800E+03
0.16122800E+03
0.16126801E+03
0.16130800E+03
0.16134799E+03
0.16138800E+03
0.16142799E+03
0.16146800E+03
0.16150800E+03
0.16154800E+03
0.16158800E+03
0.16162799E+03
0.16166800E+03
0.16170799E+03
0.16174800E+03
0.16178799E+03
0.16182800E+03
0.16186800E+03
0.16190800E+03
0.16194800E+03
0.16198799E+03
0.16202800E+03
0.16206799E+03
0.16210800E+03
0.16214799E+03
0.16218800E+03
0.16222800E+03
0.16226801E+03
0.16230800E+03
0.16234799E+03
0.16238800E+03
0.16242799E+03
0.16246800E+03
0.16250800E+03
0.16254800E+03
0.16258800E+03
0.16262799E+03
0.16266800E+03
0.16270799E+03
0.16274800E+03
0.16278799E+03
0.16282800E+03
0.16286800E+03
0.16290800E+03
0.16294800E+03
0.16298799E+03
0.16302800E+03
0.16306799E+03
0.16310800E+03
0.16314799E+03
0.16318800E+03
0.16322800E+03
0.16326801E+03
0.16330800E+03
0.16334799E+03
0.16338800E+03
0.16342799E+03
0.16346800E+03
0.16350800E+03
0.16354800E+03
0.16358800E+03
0.16362799E+03
0.16366800E+03
0.16370799E+03
0.16374800E+03
0.16378799E+03
0.16382800E+03
0.16386800E+03
0.16390800E+03
0.16394800E+03
0.16398799E+03
0.16402800E+03
0.16406799E+03
0.16410800E+03
0.16414799E+03
0.16418800E+03
0.16422800E+03
0.16426801E+03
0.16430800E+03
0.16434799E+03
0.16438800E+03
0.16442799E+03
0.16446800E+03
0.16450800E+03
0.16454800E+03
0.16458800E+03
0.16462799E+03
0.16466800E+03
0.16470799E+03
0.16474800E+03
0.16478799E+03
0.16482800E+03
0.16486800E+03
0.16490800E+03
0.16494800E+03
0.16498799E+03
0.16502800E+03
0.16506799E+03
0.16510800E+03
0.16514799E+03
0.16518800E+03
0.16522800E+03
0.16526801E+03
0.16530800E+03
0.16534799E+03
0.16538800E+03
0.16542799E+03
0.16546800E+03
0.16550800E+03
0.16554800E+03
0.16558800E+03
0.16562799E+03
0.16566800E+03
0.16570799E+03
0.16574800E+03
0.16578799E+03
0.16582800E+03
0.16586800E+03
0.16590800E+03
0.16594800E+03
0.16598799E+03
0.16602800E+03
0.16606799E+03
0.16610800E+03
0.16614799E+03
0.16618800E+03
0.16622800E+03
0.16626801E+03
0.16630800E+03
0.16634799E+03
0.16638800E+03
0.16642799E+03
0.16646800E+03
0.16650800E+03
0.16654800E+03
0.16658800E+03
0.16662799E+03
0.16666800E+03
0.16670799E+03
0.16674800E+03
0.16678799E+03
0.16682800E+03
0.16686800E+03
0.16690800E+03
0.16694800E+03
0.16698799E+03
0.16702800E+03
0.16706799E+03
0.16710800E+03
0.16714799E+03
0.16718800E+03
0.16722800E+03
0.16726801E+03
0.16730800E+03
0.16734799E+03
0.16738800E+03
0.16742799E+03
0.16746800E+03
0.16750800E+03
0.16754800E+03
0.16758800E+03
0.16762799E+03
0.16766800E+03
0.16770799E+03
0.16774800E+03
0.16778799E+03
0.16782800E+03
0.16786800E+03
0.16790800E+03
0.16794800E+03
0.16798799E+03
0.16802800E+03
0.16806799E+03
0.16810800E+03
0.16814799E+03
0.16818800E+03
0.16822800E+03
0.16826801E+03
0.16830800E+03
0.16834799E+03
0.16838800E+03
0.16842799E+03
0.16846800E+03
0.16850800E+03
0.16854800E+03
0.16858800E+03
0.16862799E+03
0.16866800E+03
0.16870799E+03
0.16874800E+03
0.16878799E+03
0.16882800E+03
0.16886800E+03
0.16890800E+03
0.16894800E+03
0.16898799E+03
0.16902800E+03
0.16906799E+03
0.16910800E+03
0.16914799E+03
0.16918800E+03
0.16922800E+03
0.16926801E+03
0.16930800E+03
0.16934799E+03
0.16938800E+03
0.16942799E+03
0.16946800E+03
0.16950800E+03
0.16954800E+03
0.16958800E+03
0.16962799E+03
0.16966800E+03
0.16970799E+03
0.16974800E+03
0.16978799E+03
0.16982800E+03
0.16986800E+03
0.16990800E+03
0.16994800E+03
0.16998799E+03
0.17002800E+03
0.17006799E+03
0.17010800E+03
0.17014799E+03
0.17018800E+03
0.17022800E+03
0.17026801E+03
0.17030800E+03
0.17034799E+03
0.17038800E+03
0.17042799E+03
0.17046800E+03
0.17050800E+03
0.17054800E+03
0.17058800E+03
0.17062799E+03
0.17066800E+03
0.17070799E+03
0.17074800E+03
0.17078799E+03
0.17082800E+03
0.17086800E+03
0.17090800E+03
0.17094800E+03
0.17098799E+03
0.17102800E+03
0.17106799E+03
0.17110800E+03
0.17114799E+03
0.17118800E+03
0.17122800E+03
0.17126801E+03
0.17130800E+03
0.17134799E+03
0.17138800E+03
0.17142799E+03
0.17146800E+03
0.17150800E+03
0.17154800E+03
0.17158800E+03
0.17162799E+03
0.17166800E+03
0.17170799E+03
0.17174800E+03
0.17178799E+03
0.17182800E+03
0.17186800E+03
0.17190800E+03
0.17194800E+03
0.17198799E+03
0.17202800E+03
0.17206799E+03
0.17210800E+03
0.17214799E+03
0.17218800E+03
0.17222800E+03
0.17226801E+03
0.17230800E+03
0.17234799E+03
0.17238800E+03
0.17242799E+03
0.17246800E+03
0.17250800E+03
0.17254800E+03
0.17258800E+03
0.17262799E+03
0.17266800E+03
0.17270799E+03
0.17274800E+03
0.17278799E+03
0.17282800E+03
0.17286800E+03
0.17290800E+03
0.17294800E+03
0.17298799E+03
0.17302800E+03
0.17306799E+03
0.17310800E+03
0.17314799E+03
0.17318800E+03
0.17322800E+03
0.17326801E+03
0.17330800E+03
0.17334799E+03
0.17338800E+03
0.17342799E+03
0.17346800E+03
0.17350800E+03
0.17354800E+03
0.17358800E+03
0.17362799E+03
0.17366800E+03
0.17370799E+03
0.17374800E+03
0.17378799E+03
0.17382800E+03
0.17386800E+03
0.17390800E+03
0.17394800E+03
0.17398799E+03
0.17402800E+03
0.17406799E+03
0.17410800E+03
0.17414799E+03
0.17418800E+03
0.17422800E+03
0.17426801E+03
0.17430800E+03
0.17434799E+03
0.17438800E+03
0.17442799E+03
0.17446800E+03
0.17450800E+03
0.17454800E+03
0.17458800E+03
0.17462799E+03
0.17466800E+03
0.17470799E+03
0.17474800E+03
0.17478799E+03
0.17482800E+03
0.17486800E+03
0.17490800E+03
0.17494800E+03
0.17498799E+03
0.17502800E+03
0.17506799E+03
0.17510800E+03
0.17514799E+03
0.17518800E+03
0.17522800E+03
0.17526801E+03
0.17530800E+03
0.17534799E+03
0.17538800E+03
0.17542799E+03
0.17546800E+03
0.17550800E+03
0.17554800E+03
0.17558800E+03
0.17562799E+03
0.17566800E+03
0.17570799E+03
0.17574800E+03
0.17578799E+03
0.17582800E+03
0.17586800E+03
0.17590800E+03
0.17594800E+03
0.17598799E+03
0.17602800E+03
0.17606799E+03
0.17610800E+03
0.17614799E+03
0.17618800E+03
0.17622800E+03
0.17626801E+03
0.17630800E+03
0.17634799E+03
0.17638800E+03
0.17642799E+03
0.17646800E+03
0.17650800E+03
0.17654800E+03
0.17658800E+03
0.17662799E+03
0.17666800E+03
0.17670799E+03
0.17674800E+03
0.17678799E+03
0.17682800E+03
0.17686800E+03
0.17690800E+03
0.17694800E+03
0.17698799E+03
0.17702800E+03
0.17706799E+03
0.17710800E+03
0.17714799E+03
0.17718800E+03
0.17722800E+03
0.17726799E+03
0.17730800E+03
0.17734799E+03
0.17738800E+03
0.17742799E+03
0.17746800E+03
0.17750800E+03
0.17754800E+03
0.17758800E+03
0.17762799E+03
0.17766800E+03
0.17770799E+03
0.17774800E+03
0.17778799E+03
0.17782800E+03
0.17786800E+03
0.17790800E+03
0.17794800E+03
0.17798799E+03
0.17802800E+03
0.17806799E+03
0.17810800E+03
0.17814799E+03
0.17818800E+03
0.17822800E+03
0.17826799E+03
0.17830800E+03
0.17834799E+03
0.17838800E+03
0.17842799E+03
0.17846800E+03
0.17850800E+03
0.17854800E+03
0.17858800E+03
0.17862799E+03
0.17866800E+03
0.17870799E+03
0.17874800E+03
0.17878799E+03
0.17882800E+03
0.17886800E+03
0.17890800E+03
0.17894800E+03
0.17898799E+03
0.17902800E+03
0.17906799E+03
0.17910800E+03
0.17914799E+03
0.17918800E+03
0.17922800E+03
0.17926799E+03
0.17930800E+03
0.17934799E+03
0.17938800E+03
0.17942799E+03
0.17946800E+03
0.17950800E+03
0.17954800E+03
0.17958800E+03
0.17962799E+03
0.17966800E+03
0.17970799E+03
0.17974800E+03
0.17978799E+03
0.17982800E+03
0.17986800E+03
0.17990800E+03
0.17994800E+03
0.17998799E+03
0.18002800E+03
0.18006799E+03
0.18010800E+03
0.18014799E+03
0.18018800E+03
0.18022800E+03
0.18026799E+03
0.18030800E+03
0.18034799E+03
0.18038800E+03
0.18042799E+03
0.18046800E+03
0.18050800E+03
0.18054800E+03
0.18058800E+03
0.18062799E+03
0.18066800E+03
0.18070799E+03
0.18074800E+03
0.18078799E+03
0.18082800E+03
0.18086800E+03
0.18090800E+03
0.18094800E+03
0.18098799E+03
0.18102800E+03
0.18106799E+03
0.18110800E+03
0.18114799E+03
0.18118800E+03
0.18122800E+03
0.18126799E+03
0.18130800E+03
0.18134799E+03
0.18138800E+03
0.18142799E+03
0.18146800E+03
0.18150800E+03
0.18154800E+03
0.18158800E+03
0.18162799E+03
0.18166800E+03
0.18170799E+03
0.18174800E+03
0.18178799E+03
0.18182800E+03
0.18186800E+03
0.18190800E+03
0.18194800E+03
0.18198799E+03
0.18202800E+03
0.18206799E+03
0.18210800E+03
0.18214799E+03
0.18218800E+03
0.18222800E+03
0.18226799E+03
0.18230800E+03
0.18234799E+03
0.18238800E+03
0.18242799E+03
0.18246800E+03
0.18250800E+03
0.18254800E+03
0.18258800E+03
0.18262799E+03
0.18266800E+03
0.18270799E+03
0.18274800E+03
0.18278799E+03
0.18282800E+03
0.18286800E+03
0.18290800E+03
0.18294800E+03
0.18298799E+03
0.18302800E+03
0.18306799E+03
0.18310800E+03
0.18314799E+03
0.18318800E+03
0.18322800E+03
0.18326799E+03
0.18330800E+03
0.18334799E+03
0.18338800E+03
0.18342799E+03
0.18346800E+03
0.18350800E+03
0.18354800E+03
0.18358800E+03
0.18362799E+03
0.18366800E+03
0.18370799E+03
0.18374800E+03
0.18378799E+03
0.18382800E+03
0.18386800E+03
0.18390800E+03
0.18394800E+03
0.18398799E+03
0.18402800E+03
0.18406799E+03
0.18410800E+03
0.18414799E+03
0.18418800E+03
0.18422800E+03
0.18426799E+03
0.18430800E+03
0.18434799E+03
0.18438800E+03
0.18442799E+03
0.18446800E+03
0.18450800E+03
0.18454800E+03
0.18458800E+03
0.18462799E+03
0.18466800E+03
0.18470799E+03
0.18474800E+03
0.18478799E+03
0.18482800E+03
0.18486800E+03
0.18490800E+03
0.18494800E+03
0.18498799E+03
0.18502800E+03
0.18506799E+03
0.18510800E+03
0.18514799E+03
0.18518800E+03
0.18522800E+03
0.18526799E+03
0.18530800E+03
0.18534799E+03
0.18538800E+03
0.18542799E+03
0.18546800E+03
0.18550800E+03
0.18554800E+03
0.18558800E+03
0.18562799E+03
0.18566800E+03
0.18570799E+03
0.18574800E+03
0.18578799E+03
0.18582800E+03
0.18586800E+03
0.18590800E+03
0.18594800E+03
0.18598799E+03
0.18602800E+03
0.18606799E+03
0.18610800E+03
0.18614799E+03
0.18618800E+03
0.18622800E+03
0.18626799E+03
0.18630800E+03
0.18634799E+03
0.18638800E+03
0.18642799E+03
0.18646800E+03
0.18650800E+03
0.18654800E+03
0.18658800E+03
0.18662799E+03
0.18666800E+03
0.18670799E+03
0.18674800E+03
0.18678799E+03
0.18682800E+03
0.18686800E+03
0.18690800E+03
0.18694800E+03
0.18698799E+03
0.18702800E+03
0.18706799E+03
0.18710800E+03
0.18714799E+03
0.18718800E+03
0.18722800E+03
0.18726799E+03
0.18730800E+03
0.18734799E+03
0.18738800E+03
0.18742799E+03
0.18746800E+03
0.18750800E+03
0.18754800E+03
0.18758800E+03
0.18762799E+03
0.18766800E+03
0.18770799E+03
0.18774800E+03
0.18778799E+03
0.18782800E+03
0.18786800E+03
0.18790800E+03
0.18794800E+03
0.18798799E+03
0.18802800E+03
0.18806799E+03
0.18810800E+03
0.18814799E+03
0.18818800E+03
0.18822800E+03
0.18826799E+03
0.18830800E+03
0.18834799E+03
0.18838800E+03
0.18842799E+03
0.18846800E+03
0.18850800E+03
0.18854800E+03
0.18858800E+03
0.18862799E+03
0.18866800E+03
0.18870799E+03
0.18874800E+03
0.18878799E+03
0.18882800E+03
0.18886800E+03
0.18890800E+03
0.18894800E+03
0.18898799E+03
0.18902800E+03
0.18906799E+03
0.18910800E+03
0.18914799E+03
0.18918800E+03
0.18922800E+03
0.18926799E+03
0.18930800E+03
0.18934799E+03
0.18938800E+03
0.18942799E+03
0.18946800E+03
0.18950800E+03
0.18954800E+03
0.18958800E+03
0.18962799E+03
0.18966800E+03
0.18970799E+03
0.18974800E+03
0.18978799E+03
0.18982800E+03
0.18986800E+03
0.18990800E+03
0.18994800E+03
0.18998799E+03
0.19002800E+03
0.19006799E+03
0.19010800E+03
0.19014799E+03
0.19018800E+03
0.19022800E+03
0.19026799E+03
0.19030800E+03
0.19034799E+03
0.19038800E+03
0.19042799E+03
0.19046800E+03
0.19050800E+03
0.19054800E+03
0.19058800E+03
0.19062799E+03
0.19066800E+03
0.19070799E+03
0.19074800E+03
0.19078799E+03
0.19082800E+03
0.19086800E+03
0.19090800E+03
0.19094800E+03
0.19098799E+03
0.19102800E+03
0.19106799E+03
0.19110800E+03
0.19114799E+03
0.19118800E+03
0.19122800E+03
0.19126799E+03
0.19130800E+03
0.19134799E+03
0.19138800E+03
0.19142799E+03
0.19146800E+03
0.19150800E+03
0.19154800E+03
0.19158800E+03
0.19162799E+03
0.19166800E+03
0.19170799E+03
0.19174800E+03
0.19178799E+03
0.19182800E+03
0.19186800E+03
0.19190800E+03
0.19194800E+03
0.19198799E+03
0.19202800E+03
0.19206799E+03
0.19210800E+03
0.19214799E+03
0.19218800E+03
0.19222800E+03
0.19226799E+03
0.19230800E+03
0.19234799E+03
0.19238800E+03
0.19242799E+03
0.19246800E+03
0.19250800E+03
0.19254800E+03
0.19258800E+03
0.19262799E+03
0.19266800E+03
0.19270799E+03
0.19274800E+03
0.19278799E+03
0.19282800E+03
0.19286800E+03
0.19290800E+03
0.19294800E+03
0.19298799E+03
0.19302800E+03
0.19306799E+03
0.19310800E+03
0.19314799E+03
0.19318800E+03
0.19322800E+03
0.19326799E+03
0.19330800E+03
0.19334799E+03
0.19338800E+03
0.19342799E+03
0.19346800E+03
0.19350800E+03
0.19354800E+03
0.19358800E+03
0.19362799E+03
0.19366800E+03
0.19370799E+03
0.19374800E+03
0.19378799E+03
0.19382800E+03
0.19386800E+03
0.19390800E+03
0.19394800E+03
0.19398799E+03
0.19402800E+03
0.19406799E+03
0.19410800E+03
0.19414799E+03
0.19418800E+03
0.19422800E+03
0.19426799E+03
0.19430800E+03
0.19434799E+03
0.19438800E+03
0.19442799E+03
0.19446800E+03
0.19450800E+03
0.19454800E+03
0.19458800E+03
0.19462799E+03
0.19466800E+03
0.19470799E+03
0.19474800E+03
0.19478799E+03
0.19482800E+03
0.19486800E+03
0.19490800E+03
0.19494800E+03
0.19498799E+03
0.19502800E+03
0.19506799E+03
0.19510800E+03
0.19514799E+03
0.19518800E+03
0.19522800E+03
0.19526799E+03
0.19530800E+03
0.19534799E+03
0.19538800E+03
0.19542799E+03
0.19546800E+03
0.19550800E+03
0.19554800E+03
0.19558800E+03
0.19562799E+03
0.19566800E+03
0.19570799E+03
0.19574800E+03
0.19578799E+03
0.19582800E+03
0.19586800E+03
0.19590800E+03
0.19594800E+03
0.19598799E+03
0.19602800E+03
0.19606799E+03
0.19610800E+03
0.19614799E+03
0.19618800E+03
0.19622800E+03
0.19626799E+03
0.19630800E+03
0.19634799E+03
0.19638800E+03
0.19642799E+03
0.19646800E+03
0.19650800E+03
0.19654800E+03
0.19658800E+03
0.19662799E+03
0.19666800E+03
0.19670799E+03
0.19674800E+03
0.19678799E+03
0.19682800E+03
0.19686800E+03
0.19690800E+03
0.19694800E+03
0.19698799E+03
0.19702800E+03
0.19706799E+03
0.19710800E+03
0.19714799E+03
0.19718800E+03
0.19722800E+03
0.19726799E+03
0.19730800E+03
0.19734799E+03
0.19738800E+03
0.19742799E+03
0.19746800E+03
0.19750800E+03
0.19754800E+03
0.19758800E+03
0.19762799E+03
0.19766800E+03
0.19770799E+03
0.19774800E+03
0.19778799E+03
0.19782800E+03
0.19786800E+03
0.19790800E+03
0.19794800E+03
0.19798799E+03
0.19802800E+03
0.19806799E+03
0.19810800E+03
0.19814799E+03
0.19818800E+03
0.19822800E+03
0.19826799E+03
0.19830800E+03
0.19834799E+03
0.19838800E+03
0.19842799E+03
0.19846800E+03
0.19850800E+03
0.19854800E+03
0.19858800E+03
0.19862799E+03
0.19866800E+03
0.19870799E+03
0.19874800E+03
0.19878799E+03
0.19882800E+03
0.19886800E+03
0.19890800E+03
0.19894800E+03
0.19898799E+03
0.19902800E+03
0.19906799E+03
