-0.79200000E+00
-0.75199997E+00
-0.71200001E+00
-0.67199999E+00
-0.63199997E+00
-0.59200001E+00
-0.55199999E+00
-0.51199996E+00
-0.47200000E+00
-0.43200001E+00
-0.39200002E+00
-0.35200000E+00
-0.31200001E+00
-0.27200001E+00
-0.23199999E+00
-0.19200003E+00
-0.15200001E+00
-0.11199999E+00
-0.72000027E-01
-0.32000005E-01
0.79999566E-02
0.47999978E-01
0.88000000E-01
0.12799996E+00
0.16799998E+00
0.20800000E+00
0.24799997E+00
0.28799993E+00
0.32800001E+00
0.36799997E+00
0.40799993E+00
0.44800001E+00
0.48799998E+00
0.52799994E+00
0.56800002E+00
0.60799998E+00
0.64799994E+00
0.68800002E+00
0.72799999E+00
0.76799995E+00
0.80799991E+00
0.84799999E+00
0.88799995E+00
0.92799991E+00
0.96799999E+00
0.10079999E+01
0.10479999E+01
0.10880001E+01
0.11280000E+01
0.11680000E+01
0.12079999E+01
0.12479999E+01
0.12879999E+01
0.13279998E+01
0.13679998E+01
0.14080000E+01
0.14480000E+01
0.14879999E+01
0.15279999E+01
0.15679998E+01
0.16079998E+01
0.16480000E+01
0.16880000E+01
0.17279999E+01
0.17679999E+01
0.18079998E+01
0.18479998E+01
0.18879998E+01
0.19280000E+01
0.19679999E+01
0.20079999E+01
0.20479999E+01
0.20879998E+01
0.21279998E+01
0.21680000E+01
0.22079999E+01
0.22479999E+01
0.22879999E+01
0.23279998E+01
0.23679998E+01
0.24079998E+01
0.24480000E+01
0.24879999E+01
0.25279999E+01
0.25679998E+01
0.26079998E+01
0.26479998E+01
0.26880000E+01
0.27279999E+01
0.27679999E+01
0.28079998E+01
0.28479998E+01
0.28879998E+01
0.29280000E+01
0.29679999E+01
0.30079999E+01
0.30479999E+01
0.30879998E+01
0.31279998E+01
0.31679997E+01
0.32079999E+01
0.32479999E+01
0.32879999E+01
0.33279998E+01
0.33679998E+01
0.34079998E+01
0.34479997E+01
0.34879997E+01
0.35279996E+01
0.35680001E+01
0.36080000E+01
0.36480000E+01
0.36880000E+01
0.37279999E+01
0.37679999E+01
0.38079998E+01
0.38479998E+01
0.38879998E+01
0.39279997E+01
0.39679997E+01
0.40079999E+01
0.40479999E+01
0.40880003E+01
0.41280003E+01
0.41680002E+01
0.42080002E+01
0.42480001E+01
0.42880001E+01
0.43280001E+01
0.43680000E+01
0.44080000E+01
0.44480000E+01
0.44879999E+01
0.45279999E+01
0.45679998E+01
0.46080003E+01
0.46480002E+01
0.46880002E+01
0.47280002E+01
0.47680001E+01
0.48080001E+01
0.48480000E+01
0.48880000E+01
0.49280000E+01
0.49679999E+01
0.50079999E+01
0.50479999E+01
0.50879998E+01
0.51280003E+01
0.51680002E+01
0.52080002E+01
0.52480001E+01
0.52880001E+01
0.53280001E+01
0.53680000E+01
0.54080000E+01
0.54480000E+01
0.54879999E+01
0.55279999E+01
0.55679998E+01
0.56079998E+01
0.56480002E+01
0.56880002E+01
0.57280002E+01
0.57680001E+01
0.58080001E+01
0.58480000E+01
0.58880000E+01
0.59280000E+01
0.59679999E+01
0.60079999E+01
0.60479999E+01
0.60879998E+01
0.61280003E+01
0.61680002E+01
0.62080002E+01
0.62480001E+01
0.62880001E+01
0.63280001E+01
0.63680000E+01
0.64080000E+01
0.64480000E+01
0.64879999E+01
0.65279999E+01
0.65679998E+01
0.66079998E+01
0.66480002E+01
0.66880002E+01
0.67280002E+01
0.67680001E+01
0.68080001E+01
0.68480000E+01
0.68880000E+01
0.69280000E+01
0.69679999E+01
0.70079999E+01
0.70479999E+01
0.70879998E+01
0.71279998E+01
0.71680002E+01
0.72080002E+01
0.72480001E+01
0.72880001E+01
0.73280001E+01
0.73680000E+01
0.74080000E+01
0.74480000E+01
0.74879999E+01
0.75279999E+01
0.75679998E+01
0.76079998E+01
0.76479998E+01
0.76879997E+01
0.77279997E+01
0.77679996E+01
0.78079996E+01
0.78479996E+01
0.78879995E+01
0.79280005E+01
0.79680004E+01
0.80080004E+01
0.80480003E+01
0.80880003E+01
0.81280003E+01
0.81680002E+01
0.82080002E+01
0.82480001E+01
0.82880001E+01
0.83280001E+01
0.83680000E+01
0.84080000E+01
0.84480000E+01
0.84879999E+01
0.85279999E+01
0.85679998E+01
0.86079998E+01
0.86479998E+01
0.86879997E+01
0.87279997E+01
0.87679996E+01
0.88079996E+01
0.88479996E+01
0.88879995E+01
0.89279995E+01
0.89680004E+01
0.90080004E+01
0.90480003E+01
0.90880003E+01
0.91280003E+01
0.91680002E+01
0.92080002E+01
0.92480001E+01
0.92880001E+01
0.93280001E+01
0.93680000E+01
0.94080000E+01
0.94480000E+01
0.94879999E+01
0.95279999E+01
0.95679998E+01
0.96079998E+01
0.96479998E+01
0.96879997E+01
0.97279997E+01
0.97679996E+01
0.98079996E+01
0.98479996E+01
0.98879995E+01
0.99279995E+01
0.99680004E+01
0.10008000E+02
0.10048000E+02
0.10088000E+02
0.10128000E+02
0.10168000E+02
0.10208000E+02
0.10248000E+02
0.10288000E+02
0.10328000E+02
0.10368000E+02
0.10408000E+02
0.10448000E+02
0.10488000E+02
0.10528000E+02
0.10568000E+02
0.10608000E+02
0.10648000E+02
0.10688000E+02
0.10728000E+02
0.10768000E+02
0.10808000E+02
0.10848000E+02
0.10888000E+02
0.10927999E+02
0.10967999E+02
0.11008000E+02
0.11048000E+02
0.11088000E+02
0.11128000E+02
0.11168000E+02
0.11208000E+02
0.11248000E+02
0.11288000E+02
0.11328000E+02
0.11368000E+02
0.11408000E+02
0.11448000E+02
0.11488000E+02
0.11528000E+02
0.11568000E+02
0.11608000E+02
0.11648000E+02
0.11688000E+02
0.11728000E+02
0.11768000E+02
0.11808000E+02
0.11848000E+02
0.11888000E+02
0.11927999E+02
0.11967999E+02
0.12007999E+02
0.12048000E+02
0.12088000E+02
0.12128000E+02
0.12168000E+02
0.12208000E+02
0.12248000E+02
0.12288000E+02
0.12328000E+02
0.12368000E+02
0.12408000E+02
0.12448000E+02
0.12488000E+02
0.12528000E+02
0.12568000E+02
0.12608000E+02
0.12648000E+02
0.12688000E+02
0.12728000E+02
0.12768000E+02
0.12808000E+02
0.12848000E+02
0.12888000E+02
0.12927999E+02
0.12967999E+02
0.13007999E+02
0.13048000E+02
0.13088000E+02
0.13128000E+02
0.13168000E+02
0.13208000E+02
0.13248000E+02
0.13288000E+02
0.13328000E+02
0.13368000E+02
0.13408000E+02
0.13448000E+02
0.13488000E+02
0.13528000E+02
0.13568000E+02
0.13608000E+02
0.13648000E+02
0.13688000E+02
0.13728000E+02
0.13768000E+02
0.13808000E+02
0.13848000E+02
0.13888000E+02
0.13927999E+02
0.13967999E+02
0.14007999E+02
0.14047999E+02
0.14088000E+02
0.14128000E+02
0.14168000E+02
0.14208000E+02
0.14248000E+02
0.14288000E+02
0.14328000E+02
0.14368000E+02
0.14408000E+02
0.14448000E+02
0.14488000E+02
0.14528000E+02
0.14568000E+02
0.14608000E+02
0.14648000E+02
0.14688000E+02
0.14728000E+02
0.14768000E+02
0.14808000E+02
0.14848000E+02
0.14888000E+02
0.14927999E+02
0.14967999E+02
0.15007999E+02
0.15047999E+02
0.15088000E+02
0.15128000E+02
0.15168000E+02
0.15208000E+02
0.15247999E+02
0.15288000E+02
0.15327999E+02
0.15368000E+02
0.15407999E+02
0.15448000E+02
0.15487999E+02
0.15528000E+02
0.15567999E+02
0.15608000E+02
0.15648001E+02
0.15688000E+02
0.15728001E+02
0.15768000E+02
0.15808001E+02
0.15848000E+02
0.15888000E+02
0.15927999E+02
0.15968000E+02
0.16007999E+02
0.16048000E+02
0.16087999E+02
0.16128000E+02
0.16167999E+02
0.16208000E+02
0.16247999E+02
0.16288000E+02
0.16327999E+02
0.16368000E+02
0.16407999E+02
0.16448000E+02
0.16487999E+02
0.16528000E+02
0.16567999E+02
0.16608000E+02
0.16648001E+02
0.16688000E+02
0.16728001E+02
0.16768000E+02
0.16808001E+02
0.16848000E+02
0.16888000E+02
0.16927999E+02
0.16968000E+02
0.17007999E+02
0.17048000E+02
0.17087999E+02
0.17128000E+02
0.17167999E+02
0.17208000E+02
0.17247999E+02
0.17288000E+02
0.17327999E+02
0.17368000E+02
0.17407999E+02
0.17448000E+02
0.17487999E+02
0.17528000E+02
0.17567999E+02
0.17608000E+02
0.17648001E+02
0.17688000E+02
0.17728001E+02
0.17768000E+02
0.17808001E+02
0.17848000E+02
0.17888000E+02
0.17927999E+02
0.17968000E+02
0.18007999E+02
0.18048000E+02
0.18087999E+02
0.18128000E+02
0.18167999E+02
0.18208000E+02
0.18247999E+02
0.18288000E+02
0.18327999E+02
0.18368000E+02
0.18407999E+02
0.18448000E+02
0.18487999E+02
0.18528000E+02
0.18567999E+02
0.18608000E+02
0.18647999E+02
0.18688000E+02
0.18728001E+02
0.18768000E+02
0.18808001E+02
0.18848000E+02
0.18888000E+02
0.18927999E+02
0.18968000E+02
0.19007999E+02
0.19048000E+02
0.19087999E+02
0.19128000E+02
0.19167999E+02
0.19208000E+02
0.19247999E+02
0.19288000E+02
0.19327999E+02
0.19368000E+02
0.19407999E+02
0.19448000E+02
0.19487999E+02
0.19528000E+02
0.19567999E+02
0.19608000E+02
0.19647999E+02
0.19688000E+02
0.19728001E+02
0.19768000E+02
0.19808001E+02
0.19848000E+02
0.19888000E+02
0.19927999E+02
0.19968000E+02
0.20007999E+02
0.20048000E+02
0.20087999E+02
0.20128000E+02
0.20167999E+02
0.20208000E+02
0.20247999E+02
0.20288000E+02
0.20327999E+02
0.20368000E+02
0.20407999E+02
0.20448000E+02
0.20487999E+02
0.20528000E+02
0.20567999E+02
0.20608000E+02
0.20647999E+02
0.20688000E+02
0.20728001E+02
0.20768000E+02
0.20808001E+02
0.20848000E+02
0.20888000E+02
0.20927999E+02
0.20968000E+02
0.21007999E+02
0.21048000E+02
0.21087999E+02
0.21128000E+02
0.21167999E+02
0.21208000E+02
0.21247999E+02
0.21288000E+02
0.21327999E+02
0.21368000E+02
0.21407999E+02
0.21448000E+02
0.21487999E+02
0.21528000E+02
0.21567999E+02
0.21608000E+02
0.21647999E+02
0.21688000E+02
0.21727999E+02
0.21768000E+02
0.21808001E+02
0.21848000E+02
0.21888000E+02
0.21927999E+02
0.21968000E+02
0.22007999E+02
0.22048000E+02
0.22087999E+02
0.22128000E+02
0.22167999E+02
0.22208000E+02
0.22247999E+02
0.22288000E+02
0.22327999E+02
0.22368000E+02
0.22407999E+02
0.22448000E+02
0.22487999E+02
0.22528000E+02
0.22567999E+02
0.22608000E+02
0.22647999E+02
0.22688000E+02
0.22727999E+02
0.22768000E+02
0.22808001E+02
0.22848000E+02
0.22888000E+02
0.22927999E+02
0.22968000E+02
0.23007999E+02
0.23048000E+02
0.23087999E+02
0.23128000E+02
0.23167999E+02
0.23208000E+02
0.23247999E+02
0.23288000E+02
0.23327999E+02
0.23368000E+02
0.23407999E+02
0.23448000E+02
0.23487999E+02
0.23528000E+02
0.23567999E+02
0.23608000E+02
0.23647999E+02
0.23688000E+02
0.23727999E+02
0.23768000E+02
0.23808001E+02
0.23848000E+02
0.23888000E+02
0.23927999E+02
0.23968000E+02
0.24007999E+02
0.24048000E+02
0.24087999E+02
0.24128000E+02
0.24167999E+02
0.24208000E+02
0.24247999E+02
0.24288000E+02
0.24327999E+02
0.24368000E+02
0.24407999E+02
0.24448000E+02
0.24487999E+02
0.24528000E+02
0.24567999E+02
0.24608000E+02
0.24647999E+02
0.24688000E+02
0.24727999E+02
0.24768000E+02
0.24807999E+02
0.24848000E+02
0.24888000E+02
0.24927999E+02
0.24968000E+02
0.25007999E+02
0.25048000E+02
0.25087999E+02
0.25128000E+02
0.25167999E+02
0.25208000E+02
0.25247999E+02
0.25288000E+02
0.25327999E+02
0.25368000E+02
0.25407999E+02
0.25448000E+02
0.25487999E+02
0.25528000E+02
0.25567999E+02
0.25608000E+02
0.25647999E+02
0.25688000E+02
0.25727999E+02
0.25768000E+02
0.25807999E+02
0.25848000E+02
0.25888000E+02
0.25927999E+02
0.25968000E+02
0.26007999E+02
0.26048000E+02
0.26087999E+02
0.26128000E+02
0.26167999E+02
0.26208000E+02
0.26247999E+02
0.26288000E+02
0.26327999E+02
0.26368000E+02
0.26407999E+02
0.26448000E+02
0.26487999E+02
0.26528000E+02
0.26567999E+02
0.26608000E+02
0.26647999E+02
0.26688000E+02
0.26727999E+02
0.26768000E+02
0.26807999E+02
0.26848000E+02
0.26888000E+02
0.26927999E+02
0.26968000E+02
0.27007999E+02
0.27048000E+02
0.27087999E+02
0.27128000E+02
0.27167999E+02
0.27208000E+02
0.27247999E+02
0.27288000E+02
0.27327999E+02
0.27368000E+02
0.27407999E+02
0.27448000E+02
0.27487999E+02
0.27528000E+02
0.27567999E+02
0.27608000E+02
0.27647999E+02
0.27688000E+02
0.27727999E+02
0.27768000E+02
0.27807999E+02
0.27848000E+02
0.27888000E+02
0.27927999E+02
0.27968000E+02
0.28007999E+02
0.28048000E+02
0.28087999E+02
0.28128000E+02
0.28167999E+02
0.28208000E+02
0.28247999E+02
0.28288000E+02
0.28327999E+02
0.28368000E+02
0.28407999E+02
0.28448000E+02
0.28487999E+02
0.28528000E+02
0.28567999E+02
0.28608000E+02
0.28647999E+02
0.28688000E+02
0.28727999E+02
0.28768000E+02
0.28807999E+02
0.28848000E+02
0.28887999E+02
0.28927999E+02
0.28968000E+02
0.29007999E+02
0.29048000E+02
0.29087999E+02
0.29128000E+02
0.29167999E+02
0.29208000E+02
0.29247999E+02
0.29288000E+02
0.29327999E+02
0.29368000E+02
0.29407999E+02
0.29448000E+02
0.29487999E+02
0.29528000E+02
0.29567999E+02
0.29608000E+02
0.29647999E+02
0.29688000E+02
0.29727999E+02
0.29768000E+02
0.29807999E+02
0.29848000E+02
0.29887999E+02
0.29927999E+02
0.29968000E+02
0.30007999E+02
0.30048000E+02
0.30087999E+02
0.30128000E+02
0.30167999E+02
0.30208000E+02
0.30247999E+02
0.30288000E+02
0.30327999E+02
0.30368000E+02
0.30407999E+02
0.30448000E+02
0.30487999E+02
0.30528000E+02
0.30567999E+02
0.30608000E+02
0.30647999E+02
0.30688000E+02
0.30727999E+02
0.30768000E+02
0.30807999E+02
0.30848000E+02
0.30887999E+02
0.30927999E+02
0.30968000E+02
0.31007999E+02
0.31048000E+02
0.31087999E+02
0.31128000E+02
0.31167999E+02
0.31208000E+02
0.31248001E+02
0.31287998E+02
0.31327999E+02
0.31368000E+02
0.31408001E+02
0.31447998E+02
0.31487999E+02
0.31528000E+02
0.31568001E+02
0.31607998E+02
0.31647999E+02
0.31688000E+02
0.31728001E+02
0.31767998E+02
0.31807999E+02
0.31848000E+02
0.31888000E+02
0.31927998E+02
0.31967999E+02
0.32007999E+02
0.32048000E+02
0.32088001E+02
0.32127998E+02
0.32167999E+02
0.32208000E+02
0.32248001E+02
0.32287998E+02
0.32327999E+02
0.32368000E+02
0.32408001E+02
0.32447998E+02
0.32487999E+02
0.32528000E+02
0.32568001E+02
0.32607998E+02
0.32647999E+02
0.32688000E+02
0.32728001E+02
0.32767998E+02
0.32807999E+02
0.32848000E+02
0.32888000E+02
0.32927998E+02
0.32967999E+02
0.33007999E+02
0.33048000E+02
0.33088001E+02
0.33127998E+02
0.33167999E+02
0.33208000E+02
0.33248001E+02
0.33287998E+02
0.33327999E+02
0.33368000E+02
0.33408001E+02
0.33447998E+02
0.33487999E+02
0.33528000E+02
0.33568001E+02
0.33607998E+02
0.33647999E+02
0.33688000E+02
0.33728001E+02
0.33767998E+02
0.33807999E+02
0.33848000E+02
0.33888000E+02
0.33927998E+02
0.33967999E+02
0.34007999E+02
0.34048000E+02
0.34088001E+02
0.34127998E+02
0.34167999E+02
0.34208000E+02
0.34248001E+02
0.34287998E+02
0.34327999E+02
0.34368000E+02
0.34408001E+02
0.34447998E+02
0.34487999E+02
0.34528000E+02
0.34568001E+02
0.34607998E+02
0.34647999E+02
0.34688000E+02
0.34728001E+02
0.34767998E+02
0.34807999E+02
0.34848000E+02
0.34888000E+02
0.34927998E+02
0.34967999E+02
0.35007999E+02
0.35048000E+02
0.35088001E+02
0.35127998E+02
0.35167999E+02
0.35208000E+02
0.35248001E+02
0.35287998E+02
0.35327999E+02
0.35368000E+02
0.35408001E+02
0.35447998E+02
0.35487999E+02
0.35528000E+02
0.35568001E+02
0.35607998E+02
0.35647999E+02
0.35688000E+02
0.35728001E+02
0.35767998E+02
0.35807999E+02
0.35848000E+02
0.35888000E+02
0.35927998E+02
0.35967999E+02
0.36007999E+02
0.36048000E+02
0.36088001E+02
0.36127998E+02
0.36167999E+02
0.36208000E+02
0.36248001E+02
0.36287998E+02
0.36327999E+02
0.36368000E+02
0.36408001E+02
0.36447998E+02
0.36487999E+02
0.36528000E+02
0.36568001E+02
0.36607998E+02
0.36647999E+02
0.36688000E+02
0.36728001E+02
0.36767998E+02
0.36807999E+02
0.36848000E+02
0.36888000E+02
0.36927998E+02
0.36967999E+02
0.37007999E+02
0.37048000E+02
0.37087997E+02
0.37127998E+02
0.37167999E+02
0.37208000E+02
0.37248001E+02
0.37287998E+02
0.37327999E+02
0.37368000E+02
0.37408001E+02
0.37447998E+02
0.37487999E+02
0.37528000E+02
0.37568001E+02
0.37607998E+02
0.37647999E+02
0.37688000E+02
0.37728001E+02
0.37767998E+02
0.37807999E+02
0.37848000E+02
0.37888000E+02
0.37927998E+02
0.37967999E+02
0.38007999E+02
0.38048000E+02
0.38087997E+02
0.38127998E+02
0.38167999E+02
0.38208000E+02
0.38248001E+02
0.38287998E+02
0.38327999E+02
0.38368000E+02
0.38408001E+02
0.38447998E+02
0.38487999E+02
0.38528000E+02
0.38568001E+02
0.38607998E+02
0.38647999E+02
0.38688000E+02
0.38728001E+02
0.38767998E+02
0.38807999E+02
0.38848000E+02
0.38888000E+02
0.38927998E+02
0.38967999E+02
0.39007999E+02
0.39048000E+02
0.39087997E+02
0.39127998E+02
0.39167999E+02
0.39208000E+02
0.39248001E+02
0.39287998E+02
0.39327999E+02
0.39368000E+02
0.39408001E+02
0.39447998E+02
0.39487999E+02
0.39528000E+02
0.39568001E+02
0.39607998E+02
0.39647999E+02
0.39688000E+02
0.39728001E+02
0.39767998E+02
0.39807999E+02
0.39848000E+02
0.39888000E+02
0.39927998E+02
0.39967999E+02
0.40007999E+02
0.40048000E+02
0.40087997E+02
0.40127998E+02
0.40167999E+02
0.40208000E+02
0.40248001E+02
0.40287998E+02
0.40327999E+02
0.40368000E+02
0.40408001E+02
0.40447998E+02
0.40487999E+02
0.40528000E+02
0.40568001E+02
0.40607998E+02
0.40647999E+02
0.40688000E+02
0.40728001E+02
0.40767998E+02
0.40807999E+02
0.40848000E+02
0.40888000E+02
0.40927998E+02
0.40967999E+02
0.41007999E+02
0.41048000E+02
0.41087997E+02
0.41127998E+02
0.41167999E+02
0.41208000E+02
0.41248001E+02
0.41287998E+02
0.41327999E+02
0.41368000E+02
0.41408001E+02
0.41447998E+02
0.41487999E+02
0.41528000E+02
0.41568001E+02
0.41607998E+02
0.41647999E+02
0.41688000E+02
0.41728001E+02
0.41767998E+02
0.41807999E+02
0.41848000E+02
0.41888000E+02
0.41927998E+02
0.41967999E+02
0.42007999E+02
0.42048000E+02
0.42087997E+02
0.42127998E+02
0.42167999E+02
0.42208000E+02
0.42248001E+02
0.42287998E+02
0.42327999E+02
0.42368000E+02
0.42408001E+02
0.42447998E+02
0.42487999E+02
0.42528000E+02
0.42568001E+02
0.42607998E+02
0.42647999E+02
0.42688000E+02
0.42728001E+02
0.42767998E+02
0.42807999E+02
0.42848000E+02
0.42888000E+02
0.42927998E+02
0.42967999E+02
0.43007999E+02
0.43048000E+02
0.43087997E+02
0.43127998E+02
0.43167999E+02
0.43208000E+02
0.43248001E+02
0.43287998E+02
0.43327999E+02
0.43368000E+02
0.43408001E+02
0.43447998E+02
0.43487999E+02
0.43528000E+02
0.43568001E+02
0.43607998E+02
0.43647999E+02
0.43688000E+02
0.43728001E+02
0.43767998E+02
0.43807999E+02
0.43848000E+02
0.43888000E+02
0.43927998E+02
0.43967999E+02
0.44007999E+02
0.44048000E+02
0.44087997E+02
0.44127998E+02
0.44167999E+02
0.44208000E+02
0.44247997E+02
0.44287998E+02
0.44327999E+02
0.44368000E+02
0.44408001E+02
0.44447998E+02
0.44487999E+02
0.44528000E+02
0.44568001E+02
0.44607998E+02
0.44647999E+02
0.44688000E+02
0.44728001E+02
0.44767998E+02
0.44807999E+02
0.44848000E+02
0.44888000E+02
0.44927998E+02
0.44967999E+02
0.45007999E+02
0.45048000E+02
0.45087997E+02
0.45127998E+02
0.45167999E+02
0.45208000E+02
0.45247997E+02
0.45287998E+02
0.45327999E+02
0.45368000E+02
0.45408001E+02
0.45447998E+02
0.45487999E+02
0.45528000E+02
0.45568001E+02
0.45607998E+02
0.45647999E+02
0.45688000E+02
0.45728001E+02
0.45767998E+02
0.45807999E+02
0.45848000E+02
0.45888000E+02
0.45927998E+02
0.45967999E+02
0.46007999E+02
0.46048000E+02
0.46087997E+02
0.46127998E+02
0.46167999E+02
0.46208000E+02
0.46247997E+02
0.46287998E+02
0.46327999E+02
0.46368000E+02
0.46408001E+02
0.46447998E+02
0.46487999E+02
0.46528000E+02
0.46568001E+02
0.46607998E+02
0.46647999E+02
0.46688000E+02
0.46728001E+02
0.46767998E+02
0.46807999E+02
0.46848000E+02
0.46888000E+02
0.46927998E+02
0.46967999E+02
0.47007999E+02
0.47048000E+02
0.47087997E+02
0.47127998E+02
0.47167999E+02
0.47208000E+02
0.47247997E+02
0.47287998E+02
0.47327999E+02
0.47368000E+02
0.47408001E+02
0.47447998E+02
0.47487999E+02
0.47528000E+02
0.47568001E+02
0.47607998E+02
0.47647999E+02
0.47688000E+02
0.47728001E+02
0.47767998E+02
0.47807999E+02
0.47848000E+02
0.47888000E+02
0.47927998E+02
0.47967999E+02
0.48007999E+02
0.48048000E+02
0.48087997E+02
0.48127998E+02
0.48167999E+02
0.48208000E+02
0.48247997E+02
0.48287998E+02
0.48327999E+02
0.48368000E+02
0.48408001E+02
0.48447998E+02
0.48487999E+02
0.48528000E+02
0.48568001E+02
0.48607998E+02
0.48647999E+02
0.48688000E+02
0.48728001E+02
0.48767998E+02
0.48807999E+02
0.48848000E+02
0.48888000E+02
0.48927998E+02
0.48967999E+02
0.49007999E+02
0.49048000E+02
0.49087997E+02
0.49127998E+02
0.49167999E+02
0.49208000E+02
0.49247997E+02
0.49287998E+02
0.49327999E+02
0.49368000E+02
0.49408001E+02
0.49447998E+02
0.49487999E+02
0.49528000E+02
0.49568001E+02
0.49607998E+02
0.49647999E+02
0.49688000E+02
0.49728001E+02
0.49767998E+02
0.49807999E+02
0.49848000E+02
0.49888000E+02
0.49927998E+02
0.49967999E+02
0.50007999E+02
0.50048000E+02
0.50087997E+02
0.50127998E+02
0.50167999E+02
0.50208000E+02
0.50247997E+02
0.50287998E+02
0.50327999E+02
0.50368000E+02
0.50407997E+02
0.50447998E+02
0.50487999E+02
0.50528000E+02
0.50568001E+02
0.50607998E+02
0.50647999E+02
0.50688000E+02
0.50728001E+02
0.50767998E+02
0.50807999E+02
0.50848000E+02
0.50888000E+02
0.50927998E+02
0.50967999E+02
0.51007999E+02
0.51048000E+02
0.51087997E+02
0.51127998E+02
0.51167999E+02
0.51208000E+02
0.51247997E+02
0.51287998E+02
0.51327999E+02
0.51368000E+02
0.51407997E+02
0.51447998E+02
0.51487999E+02
0.51528000E+02
0.51568001E+02
0.51607998E+02
0.51647999E+02
0.51688000E+02
0.51728001E+02
0.51767998E+02
0.51807999E+02
0.51848000E+02
0.51888000E+02
0.51927998E+02
0.51967999E+02
0.52007999E+02
0.52048000E+02
0.52087997E+02
0.52127998E+02
0.52167999E+02
0.52208000E+02
0.52247997E+02
0.52287998E+02
0.52327999E+02
0.52368000E+02
0.52407997E+02
0.52447998E+02
0.52487999E+02
0.52528000E+02
0.52568001E+02
0.52607998E+02
0.52647999E+02
0.52688000E+02
0.52728001E+02
0.52767998E+02
0.52807999E+02
0.52848000E+02
0.52888000E+02
0.52927998E+02
0.52967999E+02
0.53007999E+02
0.53048000E+02
0.53087997E+02
0.53127998E+02
0.53167999E+02
0.53208000E+02
0.53247997E+02
0.53287998E+02
0.53327999E+02
0.53368000E+02
0.53407997E+02
0.53447998E+02
0.53487999E+02
0.53528000E+02
0.53568001E+02
0.53607998E+02
0.53647999E+02
0.53688000E+02
0.53728001E+02
0.53767998E+02
0.53807999E+02
0.53848000E+02
0.53888000E+02
0.53927998E+02
0.53967999E+02
0.54007999E+02
0.54048000E+02
0.54087997E+02
0.54127998E+02
0.54167999E+02
0.54208000E+02
0.54247997E+02
0.54287998E+02
0.54327999E+02
0.54368000E+02
0.54407997E+02
0.54447998E+02
0.54487999E+02
0.54528000E+02
0.54568001E+02
0.54607998E+02
0.54647999E+02
0.54688000E+02
0.54728001E+02
0.54767998E+02
0.54807999E+02
0.54848000E+02
0.54888000E+02
0.54927998E+02
0.54967999E+02
0.55007999E+02
0.55048000E+02
0.55087997E+02
0.55127998E+02
0.55167999E+02
0.55208000E+02
0.55247997E+02
0.55287998E+02
0.55327999E+02
0.55368000E+02
0.55407997E+02
0.55447998E+02
0.55487999E+02
0.55528000E+02
0.55568001E+02
0.55607998E+02
0.55647999E+02
0.55688000E+02
0.55728001E+02
0.55767998E+02
0.55807999E+02
0.55848000E+02
0.55888000E+02
0.55927998E+02
0.55967999E+02
0.56007999E+02
0.56048000E+02
0.56087997E+02
0.56127998E+02
0.56167999E+02
0.56208000E+02
0.56247997E+02
0.56287998E+02
0.56327999E+02
0.56368000E+02
0.56407997E+02
0.56447998E+02
0.56487999E+02
0.56528000E+02
0.56568001E+02
0.56607998E+02
0.56647999E+02
0.56688000E+02
0.56728001E+02
0.56767998E+02
0.56807999E+02
0.56848000E+02
0.56888000E+02
0.56927998E+02
0.56967999E+02
0.57007999E+02
0.57048000E+02
0.57087997E+02
0.57127998E+02
0.57167999E+02
0.57208000E+02
0.57247997E+02
0.57287998E+02
0.57327999E+02
0.57368000E+02
0.57407997E+02
0.57447998E+02
0.57487999E+02
0.57528000E+02
0.57567997E+02
0.57607998E+02
0.57647999E+02
0.57688000E+02
0.57728001E+02
0.57767998E+02
0.57807999E+02
0.57848000E+02
0.57888000E+02
0.57927998E+02
0.57967999E+02
0.58007999E+02
0.58048000E+02
0.58087997E+02
0.58127998E+02
0.58167999E+02
0.58208000E+02
0.58247997E+02
0.58287998E+02
0.58327999E+02
0.58368000E+02
0.58407997E+02
0.58447998E+02
0.58487999E+02
0.58528000E+02
0.58567997E+02
0.58607998E+02
0.58647999E+02
0.58688000E+02
0.58728001E+02
0.58767998E+02
0.58807999E+02
0.58848000E+02
0.58888000E+02
0.58927998E+02
0.58967999E+02
0.59007999E+02
0.59048000E+02
0.59087997E+02
0.59127998E+02
0.59167999E+02
0.59208000E+02
0.59247997E+02
0.59287998E+02
0.59327999E+02
0.59368000E+02
0.59407997E+02
0.59447998E+02
0.59487999E+02
0.59528000E+02
0.59567997E+02
0.59607998E+02
0.59647999E+02
0.59688000E+02
0.59728001E+02
0.59767998E+02
0.59807999E+02
0.59848000E+02
0.59888000E+02
0.59927998E+02
0.59967999E+02
0.60007999E+02
0.60048000E+02
0.60087997E+02
0.60127998E+02
0.60167999E+02
0.60208000E+02
0.60247997E+02
0.60287998E+02
0.60327999E+02
0.60368000E+02
0.60407997E+02
0.60447998E+02
0.60487999E+02
0.60528000E+02
0.60567997E+02
0.60607998E+02
0.60647999E+02
0.60688000E+02
0.60728001E+02
0.60767998E+02
0.60807999E+02
0.60848000E+02
0.60888000E+02
0.60927998E+02
0.60967999E+02
0.61007999E+02
0.61048000E+02
0.61087997E+02
0.61127998E+02
0.61167999E+02
0.61208000E+02
0.61247997E+02
0.61287998E+02
0.61327999E+02
0.61368000E+02
0.61407997E+02
0.61447998E+02
0.61487999E+02
0.61528000E+02
0.61567997E+02
0.61607998E+02
0.61647999E+02
0.61688000E+02
0.61728001E+02
0.61767998E+02
0.61807999E+02
0.61848000E+02
0.61888000E+02
0.61927998E+02
0.61967999E+02
0.62007999E+02
0.62048000E+02
0.62087997E+02
0.62127998E+02
0.62167999E+02
0.62208000E+02
0.62247997E+02
0.62287998E+02
0.62327999E+02
0.62368000E+02
0.62407997E+02
0.62447998E+02
0.62487999E+02
0.62528000E+02
0.62567997E+02
0.62607998E+02
0.62647999E+02
0.62688000E+02
0.62728001E+02
0.62767998E+02
0.62807999E+02
0.62848000E+02
0.62888000E+02
0.62927998E+02
0.62967999E+02
0.63007999E+02
0.63048000E+02
0.63087997E+02
0.63127998E+02
0.63167999E+02
0.63208000E+02
0.63248001E+02
0.63288002E+02
0.63327995E+02
0.63367996E+02
0.63407997E+02
0.63447998E+02
0.63487999E+02
0.63528000E+02
0.63568001E+02
0.63608002E+02
0.63647995E+02
0.63687996E+02
0.63727997E+02
0.63767998E+02
0.63807999E+02
0.63848000E+02
0.63888000E+02
0.63928001E+02
0.63968002E+02
0.64007996E+02
0.64047997E+02
0.64087997E+02
0.64127998E+02
0.64167999E+02
0.64208000E+02
0.64248001E+02
0.64288002E+02
0.64327995E+02
0.64367996E+02
0.64407997E+02
0.64447998E+02
0.64487999E+02
0.64528000E+02
0.64568001E+02
0.64608002E+02
0.64647995E+02
0.64687996E+02
0.64727997E+02
0.64767998E+02
0.64807999E+02
0.64848000E+02
0.64888000E+02
0.64928001E+02
0.64968002E+02
0.65007996E+02
0.65047997E+02
0.65087997E+02
0.65127998E+02
0.65167999E+02
0.65208000E+02
0.65248001E+02
0.65288002E+02
0.65327995E+02
0.65367996E+02
0.65407997E+02
0.65447998E+02
0.65487999E+02
0.65528000E+02
0.65568001E+02
0.65608002E+02
0.65647995E+02
0.65687996E+02
0.65727997E+02
0.65767998E+02
0.65807999E+02
0.65848000E+02
0.65888000E+02
0.65928001E+02
0.65968002E+02
0.66007996E+02
0.66047997E+02
0.66087997E+02
0.66127998E+02
0.66167999E+02
0.66208000E+02
0.66248001E+02
0.66288002E+02
0.66327995E+02
0.66367996E+02
0.66407997E+02
0.66447998E+02
0.66487999E+02
0.66528000E+02
0.66568001E+02
0.66608002E+02
0.66647995E+02
0.66687996E+02
0.66727997E+02
0.66767998E+02
0.66807999E+02
0.66848000E+02
0.66888000E+02
0.66928001E+02
0.66968002E+02
0.67007996E+02
0.67047997E+02
0.67087997E+02
0.67127998E+02
0.67167999E+02
0.67208000E+02
0.67248001E+02
0.67288002E+02
0.67327995E+02
0.67367996E+02
0.67407997E+02
0.67447998E+02
0.67487999E+02
0.67528000E+02
0.67568001E+02
0.67608002E+02
0.67647995E+02
0.67687996E+02
0.67727997E+02
0.67767998E+02
0.67807999E+02
0.67848000E+02
0.67888000E+02
0.67928001E+02
0.67968002E+02
0.68007996E+02
0.68047997E+02
0.68087997E+02
0.68127998E+02
0.68167999E+02
0.68208000E+02
0.68248001E+02
0.68288002E+02
0.68327995E+02
0.68367996E+02
0.68407997E+02
0.68447998E+02
0.68487999E+02
0.68528000E+02
0.68568001E+02
0.68608002E+02
0.68647995E+02
0.68687996E+02
0.68727997E+02
0.68767998E+02
0.68807999E+02
0.68848000E+02
0.68888000E+02
0.68928001E+02
0.68968002E+02
0.69007996E+02
0.69047997E+02
0.69087997E+02
0.69127998E+02
0.69167999E+02
0.69208000E+02
0.69248001E+02
0.69288002E+02
0.69327995E+02
0.69367996E+02
0.69407997E+02
0.69447998E+02
0.69487999E+02
0.69528000E+02
0.69568001E+02
0.69608002E+02
0.69647995E+02
0.69687996E+02
0.69727997E+02
0.69767998E+02
0.69807999E+02
0.69848000E+02
0.69888000E+02
0.69928001E+02
0.69968002E+02
0.70007996E+02
0.70047997E+02
0.70087997E+02
0.70127998E+02
0.70167999E+02
0.70208000E+02
0.70248001E+02
0.70288002E+02
0.70327995E+02
0.70367996E+02
0.70407997E+02
0.70447998E+02
0.70487999E+02
0.70528000E+02
0.70568001E+02
0.70608002E+02
0.70647995E+02
0.70687996E+02
0.70727997E+02
0.70767998E+02
0.70807999E+02
0.70848000E+02
0.70888000E+02
0.70928001E+02
0.70968002E+02
0.71007996E+02
0.71047997E+02
0.71087997E+02
0.71127998E+02
0.71167999E+02
0.71208000E+02
0.71248001E+02
0.71288002E+02
0.71327995E+02
0.71367996E+02
0.71407997E+02
0.71447998E+02
0.71487999E+02
0.71528000E+02
0.71568001E+02
0.71608002E+02
0.71647995E+02
0.71687996E+02
0.71727997E+02
0.71767998E+02
0.71807999E+02
0.71848000E+02
0.71888000E+02
0.71928001E+02
0.71968002E+02
0.72007996E+02
0.72047997E+02
0.72087997E+02
0.72127998E+02
0.72167999E+02
0.72208000E+02
0.72248001E+02
0.72288002E+02
0.72327995E+02
0.72367996E+02
0.72407997E+02
0.72447998E+02
0.72487999E+02
0.72528000E+02
0.72568001E+02
0.72608002E+02
0.72647995E+02
0.72687996E+02
0.72727997E+02
0.72767998E+02
0.72807999E+02
0.72848000E+02
0.72888000E+02
0.72928001E+02
0.72968002E+02
0.73007996E+02
0.73047997E+02
0.73087997E+02
0.73127998E+02
0.73167999E+02
0.73208000E+02
0.73248001E+02
0.73288002E+02
0.73327995E+02
0.73367996E+02
0.73407997E+02
0.73447998E+02
0.73487999E+02
0.73528000E+02
0.73568001E+02
0.73608002E+02
0.73647995E+02
0.73687996E+02
0.73727997E+02
0.73767998E+02
0.73807999E+02
0.73848000E+02
0.73888000E+02
0.73928001E+02
0.73968002E+02
0.74007996E+02
0.74047997E+02
0.74087997E+02
0.74127998E+02
0.74167999E+02
0.74208000E+02
0.74248001E+02
0.74288002E+02
0.74327995E+02
0.74367996E+02
0.74407997E+02
0.74447998E+02
0.74487999E+02
0.74528000E+02
0.74568001E+02
0.74608002E+02
0.74647995E+02
0.74687996E+02
0.74727997E+02
0.74767998E+02
0.74807999E+02
0.74848000E+02
0.74888000E+02
0.74928001E+02
0.74967995E+02
0.75007996E+02
0.75047997E+02
0.75087997E+02
0.75127998E+02
0.75167999E+02
0.75208000E+02
0.75248001E+02
0.75288002E+02
0.75327995E+02
0.75367996E+02
0.75407997E+02
0.75447998E+02
0.75487999E+02
0.75528000E+02
0.75568001E+02
0.75608002E+02
0.75647995E+02
0.75687996E+02
0.75727997E+02
0.75767998E+02
0.75807999E+02
0.75848000E+02
0.75888000E+02
0.75928001E+02
0.75967995E+02
0.76007996E+02
0.76047997E+02
0.76087997E+02
0.76127998E+02
0.76167999E+02
0.76208000E+02
0.76248001E+02
0.76288002E+02
0.76327995E+02
0.76367996E+02
0.76407997E+02
0.76447998E+02
0.76487999E+02
0.76528000E+02
0.76568001E+02
0.76608002E+02
0.76647995E+02
0.76687996E+02
0.76727997E+02
0.76767998E+02
0.76807999E+02
0.76848000E+02
0.76888000E+02
0.76928001E+02
0.76967995E+02
0.77007996E+02
0.77047997E+02
0.77087997E+02
0.77127998E+02
0.77167999E+02
0.77208000E+02
0.77248001E+02
0.77288002E+02
0.77327995E+02
0.77367996E+02
0.77407997E+02
0.77447998E+02
0.77487999E+02
0.77528000E+02
0.77568001E+02
0.77608002E+02
0.77647995E+02
0.77687996E+02
0.77727997E+02
0.77767998E+02
0.77807999E+02
0.77848000E+02
0.77888000E+02
0.77928001E+02
0.77967995E+02
0.78007996E+02
0.78047997E+02
0.78087997E+02
0.78127998E+02
0.78167999E+02
0.78208000E+02
0.78248001E+02
0.78288002E+02
0.78327995E+02
0.78367996E+02
0.78407997E+02
0.78447998E+02
0.78487999E+02
0.78528000E+02
0.78568001E+02
0.78608002E+02
0.78647995E+02
0.78687996E+02
0.78727997E+02
0.78767998E+02
0.78807999E+02
0.78848000E+02
0.78888000E+02
0.78928001E+02
0.78967995E+02
0.79007996E+02
0.79047997E+02
0.79087997E+02
0.79127998E+02
0.79167999E+02
0.79208000E+02
0.79248001E+02
0.79288002E+02
0.79327995E+02
0.79367996E+02
0.79407997E+02
0.79447998E+02
0.79487999E+02
0.79528000E+02
0.79568001E+02
0.79608002E+02
0.79647995E+02
0.79687996E+02
0.79727997E+02
0.79767998E+02
0.79807999E+02
0.79848000E+02
0.79888000E+02
0.79928001E+02
0.79967995E+02
0.80007996E+02
0.80047997E+02
0.80087997E+02
0.80127998E+02
0.80167999E+02
0.80208000E+02
0.80248001E+02
0.80288002E+02
0.80327995E+02
0.80367996E+02
0.80407997E+02
0.80447998E+02
0.80487999E+02
0.80528000E+02
0.80568001E+02
0.80608002E+02
0.80647995E+02
0.80687996E+02
0.80727997E+02
0.80767998E+02
0.80807999E+02
0.80848000E+02
0.80888000E+02
0.80928001E+02
0.80967995E+02
0.81007996E+02
0.81047997E+02
0.81087997E+02
0.81127998E+02
0.81167999E+02
0.81208000E+02
0.81248001E+02
0.81288002E+02
0.81327995E+02
0.81367996E+02
0.81407997E+02
0.81447998E+02
0.81487999E+02
0.81528000E+02
0.81568001E+02
0.81608002E+02
0.81647995E+02
0.81687996E+02
0.81727997E+02
0.81767998E+02
0.81807999E+02
0.81848000E+02
0.81888000E+02
0.81928001E+02
0.81967995E+02
0.82007996E+02
0.82047997E+02
0.82087997E+02
0.82127998E+02
0.82167999E+02
0.82208000E+02
0.82248001E+02
0.82288002E+02
0.82327995E+02
0.82367996E+02
0.82407997E+02
0.82447998E+02
0.82487999E+02
0.82528000E+02
0.82568001E+02
0.82608002E+02
0.82647995E+02
0.82687996E+02
0.82727997E+02
0.82767998E+02
0.82807999E+02
0.82848000E+02
0.82888000E+02
0.82928001E+02
0.82967995E+02
0.83007996E+02
0.83047997E+02
0.83087997E+02
0.83127998E+02
0.83167999E+02
0.83208000E+02
0.83248001E+02
0.83288002E+02
0.83327995E+02
0.83367996E+02
0.83407997E+02
0.83447998E+02
0.83487999E+02
0.83528000E+02
0.83568001E+02
0.83608002E+02
0.83647995E+02
0.83687996E+02
0.83727997E+02
0.83767998E+02
0.83807999E+02
0.83848000E+02
0.83888000E+02
0.83928001E+02
0.83967995E+02
0.84007996E+02
0.84047997E+02
0.84087997E+02
0.84127998E+02
0.84167999E+02
0.84208000E+02
0.84248001E+02
0.84288002E+02
0.84327995E+02
0.84367996E+02
0.84407997E+02
0.84447998E+02
0.84487999E+02
0.84528000E+02
0.84568001E+02
0.84608002E+02
0.84647995E+02
0.84687996E+02
0.84727997E+02
0.84767998E+02
0.84807999E+02
0.84848000E+02
0.84888000E+02
0.84928001E+02
0.84967995E+02
0.85007996E+02
0.85047997E+02
0.85087997E+02
0.85127998E+02
0.85167999E+02
0.85208000E+02
0.85248001E+02
0.85288002E+02
0.85327995E+02
0.85367996E+02
0.85407997E+02
0.85447998E+02
0.85487999E+02
0.85528000E+02
0.85568001E+02
0.85608002E+02
0.85647995E+02
0.85687996E+02
0.85727997E+02
0.85767998E+02
0.85807999E+02
0.85848000E+02
0.85888000E+02
0.85928001E+02
0.85967995E+02
0.86007996E+02
0.86047997E+02
0.86087997E+02
0.86127998E+02
0.86167999E+02
0.86208000E+02
0.86248001E+02
0.86288002E+02
0.86327995E+02
0.86367996E+02
0.86407997E+02
0.86447998E+02
0.86487999E+02
0.86528000E+02
0.86568001E+02
0.86608002E+02
0.86647995E+02
0.86687996E+02
0.86727997E+02
0.86767998E+02
0.86807999E+02
0.86848000E+02
0.86888000E+02
0.86928001E+02
0.86967995E+02
0.87007996E+02
0.87047997E+02
0.87087997E+02
0.87127998E+02
0.87167999E+02
0.87208000E+02
0.87248001E+02
0.87288002E+02
0.87327995E+02
0.87367996E+02
0.87407997E+02
0.87447998E+02
0.87487999E+02
0.87528000E+02
0.87568001E+02
0.87608002E+02
0.87647995E+02
0.87687996E+02
0.87727997E+02
0.87767998E+02
0.87807999E+02
0.87848000E+02
0.87888000E+02
0.87928001E+02
0.87967995E+02
0.88007996E+02
0.88047997E+02
0.88087997E+02
0.88127998E+02
0.88167999E+02
0.88208000E+02
0.88248001E+02
0.88287994E+02
0.88327995E+02
0.88367996E+02
0.88407997E+02
0.88447998E+02
0.88487999E+02
0.88528000E+02
0.88568001E+02
0.88608002E+02
0.88647995E+02
0.88687996E+02
0.88727997E+02
0.88767998E+02
0.88807999E+02
0.88848000E+02
0.88888000E+02
0.88928001E+02
0.88967995E+02
0.89007996E+02
0.89047997E+02
0.89087997E+02
0.89127998E+02
0.89167999E+02
0.89208000E+02
0.89248001E+02
0.89287994E+02
0.89327995E+02
0.89367996E+02
0.89407997E+02
0.89447998E+02
0.89487999E+02
0.89528000E+02
0.89568001E+02
0.89608002E+02
0.89647995E+02
0.89687996E+02
0.89727997E+02
0.89767998E+02
0.89807999E+02
0.89848000E+02
0.89888000E+02
0.89928001E+02
0.89967995E+02
0.90007996E+02
0.90047997E+02
0.90087997E+02
0.90127998E+02
0.90167999E+02
0.90208000E+02
0.90248001E+02
0.90287994E+02
0.90327995E+02
0.90367996E+02
0.90407997E+02
0.90447998E+02
0.90487999E+02
0.90528000E+02
0.90568001E+02
0.90608002E+02
0.90647995E+02
0.90687996E+02
0.90727997E+02
0.90767998E+02
0.90807999E+02
0.90848000E+02
0.90888000E+02
0.90928001E+02
0.90967995E+02
0.91007996E+02
0.91047997E+02
0.91087997E+02
0.91127998E+02
0.91167999E+02
0.91208000E+02
0.91248001E+02
0.91287994E+02
0.91327995E+02
0.91367996E+02
0.91407997E+02
0.91447998E+02
0.91487999E+02
0.91528000E+02
0.91568001E+02
0.91608002E+02
0.91647995E+02
0.91687996E+02
0.91727997E+02
0.91767998E+02
0.91807999E+02
0.91848000E+02
0.91888000E+02
0.91928001E+02
0.91967995E+02
0.92007996E+02
0.92047997E+02
0.92087997E+02
0.92127998E+02
0.92167999E+02
0.92208000E+02
0.92248001E+02
0.92287994E+02
0.92327995E+02
0.92367996E+02
0.92407997E+02
0.92447998E+02
0.92487999E+02
0.92528000E+02
0.92568001E+02
0.92608002E+02
0.92647995E+02
0.92687996E+02
0.92727997E+02
0.92767998E+02
0.92807999E+02
0.92848000E+02
0.92888000E+02
0.92928001E+02
0.92967995E+02
0.93007996E+02
0.93047997E+02
0.93087997E+02
0.93127998E+02
0.93167999E+02
0.93208000E+02
0.93248001E+02
0.93287994E+02
0.93327995E+02
0.93367996E+02
0.93407997E+02
0.93447998E+02
0.93487999E+02
0.93528000E+02
0.93568001E+02
0.93608002E+02
0.93647995E+02
0.93687996E+02
0.93727997E+02
0.93767998E+02
0.93807999E+02
0.93848000E+02
0.93888000E+02
0.93928001E+02
0.93967995E+02
0.94007996E+02
0.94047997E+02
0.94087997E+02
0.94127998E+02
0.94167999E+02
0.94208000E+02
0.94248001E+02
0.94287994E+02
0.94327995E+02
0.94367996E+02
0.94407997E+02
0.94447998E+02
0.94487999E+02
0.94528000E+02
0.94568001E+02
0.94608002E+02
0.94647995E+02
0.94687996E+02
0.94727997E+02
0.94767998E+02
0.94807999E+02
0.94848000E+02
0.94888000E+02
0.94928001E+02
0.94967995E+02
0.95007996E+02
0.95047997E+02
0.95087997E+02
0.95127998E+02
0.95167999E+02
0.95208000E+02
0.95248001E+02
0.95287994E+02
0.95327995E+02
0.95367996E+02
0.95407997E+02
0.95447998E+02
0.95487999E+02
0.95528000E+02
0.95568001E+02
0.95608002E+02
0.95647995E+02
0.95687996E+02
0.95727997E+02
0.95767998E+02
0.95807999E+02
0.95848000E+02
0.95888000E+02
0.95928001E+02
0.95967995E+02
0.96007996E+02
0.96047997E+02
0.96087997E+02
0.96127998E+02
0.96167999E+02
0.96208000E+02
0.96248001E+02
0.96287994E+02
0.96327995E+02
0.96367996E+02
0.96407997E+02
0.96447998E+02
0.96487999E+02
0.96528000E+02
0.96568001E+02
0.96608002E+02
0.96647995E+02
0.96687996E+02
0.96727997E+02
0.96767998E+02
0.96807999E+02
0.96848000E+02
0.96888000E+02
0.96928001E+02
0.96967995E+02
0.97007996E+02
0.97047997E+02
0.97087997E+02
0.97127998E+02
0.97167999E+02
0.97208000E+02
0.97248001E+02
0.97287994E+02
0.97327995E+02
0.97367996E+02
0.97407997E+02
0.97447998E+02
0.97487999E+02
0.97528000E+02
0.97568001E+02
0.97608002E+02
0.97647995E+02
0.97687996E+02
0.97727997E+02
0.97767998E+02
0.97807999E+02
0.97848000E+02
0.97888000E+02
0.97928001E+02
0.97967995E+02
0.98007996E+02
0.98047997E+02
0.98087997E+02
0.98127998E+02
0.98167999E+02
0.98208000E+02
0.98248001E+02
0.98287994E+02
0.98327995E+02
0.98367996E+02
0.98407997E+02
0.98447998E+02
0.98487999E+02
0.98528000E+02
0.98568001E+02
0.98608002E+02
0.98647995E+02
0.98687996E+02
0.98727997E+02
0.98767998E+02
0.98807999E+02
0.98848000E+02
0.98888000E+02
0.98928001E+02
0.98967995E+02
0.99007996E+02
0.99047997E+02
0.99087997E+02
0.99127998E+02
0.99167999E+02
0.99208000E+02
0.99248001E+02
0.99287994E+02
0.99327995E+02
0.99367996E+02
0.99407997E+02
0.99447998E+02
0.99487999E+02
0.99528000E+02
0.99568001E+02
0.99608002E+02
0.99647995E+02
0.99687996E+02
0.99727997E+02
0.99767998E+02
0.99807999E+02
0.99848000E+02
0.99888000E+02
0.99928001E+02
0.99967995E+02
0.10000800E+03
0.10004800E+03
0.10008800E+03
0.10012800E+03
0.10016800E+03
0.10020800E+03
0.10024800E+03
0.10028799E+03
0.10032800E+03
0.10036800E+03
0.10040800E+03
0.10044800E+03
0.10048800E+03
0.10052800E+03
0.10056800E+03
0.10060800E+03
0.10064799E+03
0.10068800E+03
0.10072800E+03
0.10076800E+03
0.10080800E+03
0.10084800E+03
0.10088800E+03
0.10092800E+03
0.10096799E+03
0.10100800E+03
0.10104800E+03
0.10108800E+03
0.10112800E+03
0.10116800E+03
0.10120800E+03
0.10124800E+03
0.10128799E+03
0.10132800E+03
0.10136800E+03
0.10140800E+03
0.10144800E+03
0.10148800E+03
0.10152800E+03
0.10156800E+03
0.10160799E+03
0.10164799E+03
0.10168800E+03
0.10172800E+03
0.10176800E+03
0.10180800E+03
0.10184800E+03
0.10188800E+03
0.10192800E+03
0.10196799E+03
0.10200800E+03
0.10204800E+03
0.10208800E+03
0.10212800E+03
0.10216800E+03
0.10220800E+03
0.10224800E+03
0.10228799E+03
0.10232800E+03
0.10236800E+03
0.10240800E+03
0.10244800E+03
0.10248800E+03
0.10252800E+03
0.10256800E+03
0.10260799E+03
0.10264799E+03
0.10268800E+03
0.10272800E+03
0.10276800E+03
0.10280800E+03
0.10284800E+03
0.10288800E+03
0.10292800E+03
0.10296799E+03
0.10300800E+03
0.10304800E+03
0.10308800E+03
0.10312800E+03
0.10316800E+03
0.10320800E+03
0.10324800E+03
0.10328799E+03
0.10332800E+03
0.10336800E+03
0.10340800E+03
0.10344800E+03
0.10348800E+03
0.10352800E+03
0.10356800E+03
0.10360799E+03
0.10364799E+03
0.10368800E+03
0.10372800E+03
0.10376800E+03
0.10380800E+03
0.10384800E+03
0.10388800E+03
0.10392800E+03
0.10396799E+03
0.10400800E+03
0.10404800E+03
0.10408800E+03
0.10412800E+03
0.10416800E+03
0.10420800E+03
0.10424800E+03
0.10428799E+03
0.10432800E+03
0.10436800E+03
0.10440800E+03
0.10444800E+03
0.10448800E+03
0.10452800E+03
0.10456800E+03
0.10460799E+03
0.10464799E+03
0.10468800E+03
0.10472800E+03
0.10476800E+03
0.10480800E+03
0.10484800E+03
0.10488800E+03
0.10492800E+03
0.10496799E+03
0.10500800E+03
0.10504800E+03
0.10508800E+03
0.10512800E+03
0.10516800E+03
0.10520800E+03
0.10524800E+03
0.10528799E+03
0.10532800E+03
0.10536800E+03
0.10540800E+03
0.10544800E+03
0.10548800E+03
0.10552800E+03
0.10556800E+03
0.10560799E+03
0.10564799E+03
0.10568800E+03
0.10572800E+03
0.10576800E+03
0.10580800E+03
0.10584800E+03
0.10588800E+03
0.10592800E+03
0.10596799E+03
0.10600800E+03
0.10604800E+03
0.10608800E+03
0.10612800E+03
0.10616800E+03
0.10620800E+03
0.10624800E+03
0.10628799E+03
0.10632800E+03
0.10636800E+03
0.10640800E+03
0.10644800E+03
0.10648800E+03
0.10652800E+03
0.10656800E+03
0.10660799E+03
0.10664799E+03
0.10668800E+03
0.10672800E+03
0.10676800E+03
0.10680800E+03
0.10684800E+03
0.10688800E+03
0.10692800E+03
0.10696799E+03
0.10700800E+03
0.10704800E+03
0.10708800E+03
0.10712800E+03
0.10716800E+03
0.10720800E+03
0.10724800E+03
0.10728799E+03
0.10732800E+03
0.10736800E+03
0.10740800E+03
0.10744800E+03
0.10748800E+03
0.10752800E+03
0.10756800E+03
0.10760799E+03
0.10764799E+03
0.10768800E+03
0.10772800E+03
0.10776800E+03
0.10780800E+03
0.10784800E+03
0.10788800E+03
0.10792800E+03
0.10796799E+03
0.10800800E+03
0.10804800E+03
0.10808800E+03
0.10812800E+03
0.10816800E+03
0.10820800E+03
0.10824800E+03
0.10828799E+03
0.10832800E+03
0.10836800E+03
0.10840800E+03
0.10844800E+03
0.10848800E+03
0.10852800E+03
0.10856800E+03
0.10860799E+03
0.10864799E+03
0.10868800E+03
0.10872800E+03
0.10876800E+03
0.10880800E+03
0.10884800E+03
0.10888800E+03
0.10892800E+03
0.10896799E+03
0.10900800E+03
0.10904800E+03
0.10908800E+03
0.10912800E+03
0.10916800E+03
0.10920800E+03
0.10924800E+03
0.10928799E+03
0.10932800E+03
0.10936800E+03
0.10940800E+03
0.10944800E+03
0.10948800E+03
0.10952800E+03
0.10956800E+03
0.10960799E+03
0.10964799E+03
0.10968800E+03
0.10972800E+03
0.10976800E+03
0.10980800E+03
0.10984800E+03
0.10988800E+03
0.10992800E+03
0.10996799E+03
0.11000800E+03
0.11004800E+03
0.11008800E+03
0.11012800E+03
0.11016800E+03
0.11020800E+03
0.11024800E+03
0.11028799E+03
0.11032800E+03
0.11036800E+03
0.11040800E+03
0.11044800E+03
0.11048800E+03
0.11052800E+03
0.11056800E+03
0.11060799E+03
0.11064799E+03
0.11068800E+03
0.11072800E+03
0.11076800E+03
0.11080800E+03
0.11084800E+03
0.11088800E+03
0.11092800E+03
0.11096799E+03
0.11100800E+03
0.11104800E+03
0.11108800E+03
0.11112800E+03
0.11116800E+03
0.11120800E+03
0.11124800E+03
0.11128799E+03
0.11132800E+03
0.11136800E+03
0.11140800E+03
0.11144800E+03
0.11148800E+03
0.11152800E+03
0.11156800E+03
0.11160799E+03
0.11164799E+03
0.11168800E+03
0.11172800E+03
0.11176800E+03
0.11180800E+03
0.11184800E+03
0.11188800E+03
0.11192800E+03
0.11196799E+03
0.11200800E+03
0.11204800E+03
0.11208800E+03
0.11212800E+03
0.11216800E+03
0.11220800E+03
0.11224800E+03
0.11228799E+03
0.11232800E+03
0.11236800E+03
0.11240800E+03
0.11244800E+03
0.11248800E+03
0.11252800E+03
0.11256800E+03
0.11260799E+03
0.11264799E+03
0.11268800E+03
0.11272800E+03
0.11276800E+03
0.11280800E+03
0.11284800E+03
0.11288800E+03
0.11292800E+03
0.11296799E+03
0.11300800E+03
0.11304800E+03
0.11308800E+03
0.11312800E+03
0.11316800E+03
0.11320800E+03
0.11324800E+03
0.11328799E+03
0.11332800E+03
0.11336800E+03
0.11340800E+03
0.11344800E+03
0.11348800E+03
0.11352800E+03
0.11356800E+03
0.11360799E+03
0.11364799E+03
0.11368800E+03
0.11372800E+03
0.11376800E+03
0.11380800E+03
0.11384800E+03
0.11388800E+03
0.11392800E+03
0.11396799E+03
0.11400800E+03
0.11404800E+03
0.11408800E+03
0.11412800E+03
0.11416800E+03
0.11420800E+03
0.11424800E+03
0.11428799E+03
0.11432800E+03
0.11436800E+03
0.11440800E+03
0.11444800E+03
0.11448800E+03
0.11452800E+03
0.11456800E+03
0.11460799E+03
0.11464799E+03
0.11468800E+03
0.11472800E+03
0.11476800E+03
0.11480800E+03
0.11484800E+03
0.11488800E+03
0.11492800E+03
0.11496799E+03
0.11500800E+03
0.11504800E+03
0.11508800E+03
0.11512800E+03
0.11516800E+03
0.11520800E+03
0.11524800E+03
0.11528799E+03
0.11532800E+03
0.11536800E+03
0.11540800E+03
0.11544800E+03
0.11548800E+03
0.11552800E+03
0.11556800E+03
0.11560799E+03
0.11564799E+03
0.11568800E+03
0.11572800E+03
0.11576800E+03
0.11580800E+03
0.11584800E+03
0.11588800E+03
0.11592799E+03
0.11596799E+03
0.11600800E+03
0.11604800E+03
0.11608800E+03
0.11612800E+03
0.11616800E+03
0.11620800E+03
0.11624800E+03
0.11628799E+03
0.11632800E+03
0.11636800E+03
0.11640800E+03
0.11644800E+03
0.11648800E+03
0.11652800E+03
0.11656800E+03
0.11660799E+03
0.11664799E+03
0.11668800E+03
0.11672800E+03
0.11676800E+03
0.11680800E+03
0.11684800E+03
0.11688800E+03
0.11692799E+03
0.11696799E+03
0.11700800E+03
0.11704800E+03
0.11708800E+03
0.11712800E+03
0.11716800E+03
0.11720800E+03
0.11724800E+03
0.11728799E+03
0.11732800E+03
0.11736800E+03
0.11740800E+03
0.11744800E+03
0.11748800E+03
0.11752800E+03
0.11756800E+03
0.11760799E+03
0.11764799E+03
0.11768800E+03
0.11772800E+03
0.11776800E+03
0.11780800E+03
0.11784800E+03
0.11788800E+03
0.11792799E+03
0.11796799E+03
0.11800800E+03
0.11804800E+03
0.11808800E+03
0.11812800E+03
0.11816800E+03
0.11820800E+03
0.11824800E+03
0.11828799E+03
0.11832800E+03
0.11836800E+03
0.11840800E+03
0.11844800E+03
0.11848800E+03
0.11852800E+03
0.11856800E+03
0.11860799E+03
0.11864799E+03
0.11868800E+03
0.11872800E+03
0.11876800E+03
0.11880800E+03
0.11884800E+03
0.11888800E+03
0.11892799E+03
0.11896799E+03
0.11900800E+03
0.11904800E+03
0.11908800E+03
0.11912800E+03
0.11916800E+03
0.11920800E+03
0.11924800E+03
0.11928799E+03
0.11932800E+03
0.11936800E+03
0.11940800E+03
0.11944800E+03
0.11948800E+03
0.11952800E+03
0.11956800E+03
0.11960799E+03
0.11964799E+03
0.11968800E+03
0.11972800E+03
0.11976800E+03
0.11980800E+03
0.11984800E+03
0.11988800E+03
0.11992799E+03
0.11996799E+03
0.12000800E+03
0.12004800E+03
0.12008800E+03
0.12012800E+03
0.12016800E+03
0.12020800E+03
0.12024800E+03
0.12028799E+03
0.12032800E+03
0.12036800E+03
0.12040800E+03
0.12044800E+03
0.12048800E+03
0.12052800E+03
0.12056800E+03
0.12060799E+03
0.12064799E+03
0.12068800E+03
0.12072800E+03
0.12076800E+03
0.12080800E+03
0.12084800E+03
0.12088800E+03
0.12092799E+03
0.12096799E+03
0.12100800E+03
0.12104800E+03
0.12108800E+03
0.12112800E+03
0.12116800E+03
0.12120800E+03
0.12124800E+03
0.12128799E+03
0.12132800E+03
0.12136800E+03
0.12140800E+03
0.12144800E+03
0.12148800E+03
0.12152800E+03
0.12156800E+03
0.12160799E+03
0.12164799E+03
0.12168800E+03
0.12172800E+03
0.12176800E+03
0.12180800E+03
0.12184800E+03
0.12188800E+03
0.12192799E+03
0.12196799E+03
0.12200800E+03
0.12204800E+03
0.12208800E+03
0.12212800E+03
0.12216800E+03
0.12220800E+03
0.12224800E+03
0.12228799E+03
0.12232800E+03
0.12236800E+03
0.12240800E+03
0.12244800E+03
0.12248800E+03
0.12252800E+03
0.12256800E+03
0.12260799E+03
0.12264799E+03
0.12268800E+03
0.12272800E+03
0.12276800E+03
0.12280800E+03
0.12284800E+03
0.12288800E+03
0.12292799E+03
0.12296799E+03
0.12300800E+03
0.12304800E+03
0.12308800E+03
0.12312800E+03
0.12316800E+03
0.12320800E+03
0.12324800E+03
0.12328799E+03
0.12332800E+03
0.12336800E+03
0.12340800E+03
0.12344800E+03
0.12348800E+03
0.12352800E+03
0.12356800E+03
0.12360799E+03
0.12364799E+03
0.12368800E+03
0.12372800E+03
0.12376800E+03
0.12380800E+03
0.12384800E+03
0.12388800E+03
0.12392799E+03
0.12396799E+03
0.12400800E+03
0.12404800E+03
0.12408800E+03
0.12412800E+03
0.12416800E+03
0.12420800E+03
0.12424800E+03
0.12428799E+03
0.12432800E+03
0.12436800E+03
0.12440800E+03
0.12444800E+03
0.12448800E+03
0.12452800E+03
0.12456800E+03
0.12460799E+03
0.12464799E+03
0.12468800E+03
0.12472800E+03
0.12476800E+03
0.12480800E+03
0.12484800E+03
0.12488800E+03
0.12492799E+03
0.12496799E+03
0.12500800E+03
0.12504800E+03
0.12508800E+03
0.12512800E+03
0.12516800E+03
0.12520800E+03
0.12524800E+03
0.12528799E+03
0.12532800E+03
0.12536800E+03
0.12540800E+03
0.12544800E+03
0.12548800E+03
0.12552800E+03
0.12556800E+03
0.12560799E+03
0.12564799E+03
0.12568800E+03
0.12572800E+03
0.12576800E+03
0.12580800E+03
0.12584800E+03
0.12588800E+03
0.12592799E+03
0.12596799E+03
0.12600800E+03
0.12604800E+03
0.12608800E+03
0.12612800E+03
0.12616800E+03
0.12620800E+03
0.12624800E+03
0.12628799E+03
0.12632800E+03
0.12636800E+03
0.12640800E+03
0.12644800E+03
0.12648800E+03
0.12652800E+03
0.12656800E+03
0.12660799E+03
0.12664799E+03
0.12668800E+03
0.12672800E+03
0.12676800E+03
0.12680800E+03
0.12684800E+03
0.12688800E+03
0.12692799E+03
0.12696799E+03
0.12700800E+03
0.12704800E+03
0.12708800E+03
0.12712800E+03
0.12716800E+03
0.12720800E+03
0.12724799E+03
0.12728800E+03
0.12732800E+03
0.12736800E+03
0.12740800E+03
0.12744799E+03
0.12748800E+03
0.12752799E+03
0.12756800E+03
0.12760799E+03
0.12764800E+03
0.12768800E+03
0.12772800E+03
0.12776800E+03
0.12780799E+03
0.12784800E+03
0.12788799E+03
0.12792800E+03
0.12796799E+03
0.12800800E+03
0.12804799E+03
0.12808798E+03
0.12812799E+03
0.12816798E+03
0.12820799E+03
0.12824799E+03
0.12828799E+03
0.12832799E+03
0.12836800E+03
0.12840799E+03
0.12844798E+03
0.12848799E+03
0.12852798E+03
0.12856799E+03
0.12860799E+03
0.12864799E+03
0.12868799E+03
0.12872800E+03
0.12876799E+03
0.12880798E+03
0.12884799E+03
0.12888799E+03
0.12892799E+03
0.12896799E+03
0.12900800E+03
0.12904799E+03
0.12908798E+03
0.12912799E+03
0.12916798E+03
0.12920799E+03
0.12924799E+03
0.12928799E+03
0.12932799E+03
0.12936800E+03
0.12940799E+03
0.12944798E+03
0.12948799E+03
0.12952798E+03
0.12956799E+03
0.12960799E+03
0.12964799E+03
0.12968799E+03
0.12972800E+03
0.12976799E+03
0.12980798E+03
0.12984799E+03
0.12988799E+03
0.12992799E+03
0.12996799E+03
0.13000800E+03
0.13004799E+03
0.13008798E+03
0.13012799E+03
0.13016798E+03
0.13020799E+03
0.13024799E+03
0.13028799E+03
0.13032799E+03
0.13036800E+03
0.13040799E+03
0.13044798E+03
0.13048799E+03
0.13052798E+03
0.13056799E+03
0.13060799E+03
0.13064799E+03
0.13068799E+03
0.13072800E+03
0.13076799E+03
0.13080798E+03
0.13084799E+03
0.13088799E+03
0.13092799E+03
0.13096799E+03
0.13100800E+03
0.13104799E+03
0.13108798E+03
0.13112799E+03
0.13116798E+03
0.13120799E+03
0.13124799E+03
0.13128799E+03
0.13132799E+03
0.13136800E+03
0.13140799E+03
0.13144798E+03
0.13148799E+03
0.13152798E+03
0.13156799E+03
0.13160799E+03
0.13164799E+03
0.13168799E+03
0.13172800E+03
0.13176799E+03
0.13180798E+03
0.13184799E+03
0.13188799E+03
0.13192799E+03
0.13196799E+03
0.13200800E+03
0.13204799E+03
0.13208798E+03
0.13212799E+03
0.13216798E+03
0.13220799E+03
0.13224799E+03
0.13228799E+03
0.13232799E+03
0.13236800E+03
0.13240799E+03
0.13244798E+03
0.13248799E+03
0.13252798E+03
0.13256799E+03
0.13260799E+03
0.13264799E+03
0.13268799E+03
0.13272800E+03
0.13276799E+03
0.13280798E+03
0.13284799E+03
0.13288799E+03
0.13292799E+03
0.13296799E+03
0.13300800E+03
0.13304799E+03
0.13308798E+03
0.13312799E+03
0.13316798E+03
0.13320799E+03
0.13324799E+03
0.13328799E+03
0.13332799E+03
0.13336800E+03
0.13340799E+03
0.13344798E+03
0.13348799E+03
0.13352798E+03
0.13356799E+03
0.13360799E+03
0.13364799E+03
0.13368799E+03
0.13372800E+03
0.13376799E+03
0.13380798E+03
0.13384799E+03
0.13388799E+03
0.13392799E+03
0.13396799E+03
0.13400800E+03
0.13404799E+03
0.13408798E+03
0.13412799E+03
0.13416798E+03
0.13420799E+03
0.13424799E+03
0.13428799E+03
0.13432799E+03
0.13436800E+03
0.13440799E+03
0.13444798E+03
0.13448799E+03
0.13452798E+03
0.13456799E+03
0.13460799E+03
0.13464799E+03
0.13468799E+03
0.13472800E+03
0.13476799E+03
0.13480798E+03
0.13484799E+03
0.13488799E+03
0.13492799E+03
0.13496799E+03
0.13500800E+03
0.13504799E+03
0.13508798E+03
0.13512799E+03
0.13516798E+03
0.13520799E+03
0.13524799E+03
0.13528799E+03
0.13532799E+03
0.13536800E+03
0.13540799E+03
0.13544798E+03
0.13548799E+03
0.13552798E+03
0.13556799E+03
0.13560799E+03
0.13564799E+03
0.13568799E+03
0.13572800E+03
0.13576799E+03
0.13580798E+03
0.13584799E+03
0.13588799E+03
0.13592799E+03
0.13596799E+03
0.13600800E+03
0.13604799E+03
0.13608798E+03
0.13612799E+03
0.13616798E+03
0.13620799E+03
0.13624799E+03
0.13628799E+03
0.13632799E+03
0.13636800E+03
0.13640799E+03
0.13644798E+03
0.13648799E+03
0.13652798E+03
0.13656799E+03
0.13660799E+03
0.13664799E+03
0.13668799E+03
0.13672800E+03
0.13676799E+03
0.13680798E+03
0.13684799E+03
0.13688799E+03
0.13692799E+03
0.13696799E+03
0.13700800E+03
0.13704799E+03
0.13708798E+03
0.13712799E+03
0.13716798E+03
0.13720799E+03
0.13724799E+03
0.13728799E+03
0.13732799E+03
0.13736800E+03
0.13740799E+03
0.13744798E+03
0.13748799E+03
0.13752798E+03
0.13756799E+03
0.13760799E+03
0.13764799E+03
0.13768799E+03
0.13772800E+03
0.13776799E+03
0.13780798E+03
0.13784799E+03
0.13788799E+03
0.13792799E+03
0.13796799E+03
0.13800800E+03
0.13804799E+03
0.13808798E+03
0.13812799E+03
0.13816798E+03
0.13820799E+03
0.13824799E+03
0.13828799E+03
0.13832799E+03
0.13836800E+03
0.13840799E+03
0.13844798E+03
0.13848799E+03
0.13852798E+03
0.13856799E+03
0.13860799E+03
0.13864799E+03
0.13868799E+03
0.13872800E+03
0.13876799E+03
0.13880798E+03
0.13884799E+03
0.13888799E+03
0.13892799E+03
0.13896799E+03
0.13900800E+03
0.13904799E+03
0.13908798E+03
0.13912799E+03
0.13916798E+03
0.13920799E+03
0.13924799E+03
0.13928799E+03
0.13932799E+03
0.13936800E+03
0.13940799E+03
0.13944798E+03
0.13948799E+03
0.13952798E+03
0.13956799E+03
0.13960799E+03
0.13964799E+03
0.13968799E+03
0.13972800E+03
0.13976799E+03
0.13980798E+03
0.13984799E+03
0.13988799E+03
0.13992799E+03
0.13996799E+03
0.14000800E+03
0.14004799E+03
0.14008798E+03
0.14012799E+03
0.14016798E+03
0.14020799E+03
0.14024799E+03
0.14028799E+03
0.14032799E+03
0.14036800E+03
0.14040799E+03
0.14044798E+03
0.14048799E+03
0.14052798E+03
0.14056799E+03
0.14060799E+03
0.14064799E+03
0.14068799E+03
0.14072800E+03
0.14076799E+03
0.14080798E+03
0.14084799E+03
0.14088799E+03
0.14092799E+03
0.14096799E+03
0.14100800E+03
0.14104799E+03
0.14108798E+03
0.14112799E+03
0.14116798E+03
0.14120799E+03
0.14124799E+03
0.14128799E+03
0.14132799E+03
0.14136800E+03
0.14140799E+03
0.14144798E+03
0.14148799E+03
0.14152798E+03
0.14156799E+03
0.14160799E+03
0.14164799E+03
0.14168799E+03
0.14172800E+03
0.14176799E+03
0.14180798E+03
0.14184799E+03
0.14188799E+03
0.14192799E+03
0.14196799E+03
0.14200800E+03
0.14204799E+03
0.14208798E+03
0.14212799E+03
0.14216798E+03
0.14220799E+03
0.14224799E+03
0.14228799E+03
0.14232799E+03
0.14236800E+03
0.14240799E+03
0.14244798E+03
0.14248799E+03
0.14252798E+03
0.14256799E+03
0.14260799E+03
0.14264799E+03
0.14268799E+03
0.14272800E+03
0.14276799E+03
0.14280798E+03
0.14284799E+03
0.14288799E+03
0.14292799E+03
0.14296799E+03
0.14300800E+03
0.14304799E+03
0.14308798E+03
0.14312799E+03
0.14316798E+03
0.14320799E+03
0.14324799E+03
0.14328799E+03
0.14332799E+03
0.14336800E+03
0.14340799E+03
0.14344798E+03
0.14348799E+03
0.14352798E+03
0.14356799E+03
0.14360799E+03
0.14364799E+03
0.14368799E+03
0.14372800E+03
0.14376799E+03
0.14380798E+03
0.14384799E+03
0.14388799E+03
0.14392799E+03
0.14396799E+03
0.14400800E+03
0.14404799E+03
0.14408798E+03
0.14412799E+03
0.14416798E+03
0.14420799E+03
0.14424799E+03
0.14428799E+03
0.14432799E+03
0.14436800E+03
0.14440799E+03
0.14444798E+03
0.14448799E+03
0.14452798E+03
0.14456799E+03
0.14460799E+03
0.14464799E+03
0.14468799E+03
0.14472800E+03
0.14476799E+03
0.14480798E+03
0.14484799E+03
0.14488799E+03
0.14492799E+03
0.14496799E+03
0.14500800E+03
0.14504799E+03
0.14508798E+03
0.14512799E+03
0.14516798E+03
0.14520799E+03
0.14524799E+03
0.14528799E+03
0.14532799E+03
0.14536800E+03
0.14540799E+03
0.14544798E+03
0.14548799E+03
0.14552798E+03
0.14556799E+03
0.14560799E+03
0.14564799E+03
0.14568799E+03
0.14572800E+03
0.14576799E+03
0.14580798E+03
0.14584799E+03
0.14588799E+03
0.14592799E+03
0.14596799E+03
0.14600800E+03
0.14604799E+03
0.14608798E+03
0.14612799E+03
0.14616798E+03
0.14620799E+03
0.14624799E+03
0.14628799E+03
0.14632799E+03
0.14636800E+03
0.14640799E+03
0.14644798E+03
0.14648799E+03
0.14652798E+03
0.14656799E+03
0.14660799E+03
0.14664799E+03
0.14668799E+03
0.14672800E+03
0.14676799E+03
0.14680798E+03
0.14684799E+03
0.14688799E+03
0.14692799E+03
0.14696799E+03
0.14700800E+03
0.14704799E+03
0.14708798E+03
0.14712799E+03
0.14716798E+03
0.14720799E+03
0.14724799E+03
0.14728799E+03
0.14732799E+03
0.14736800E+03
0.14740799E+03
0.14744798E+03
0.14748799E+03
0.14752798E+03
0.14756799E+03
0.14760799E+03
0.14764799E+03
0.14768799E+03
0.14772800E+03
0.14776799E+03
0.14780798E+03
0.14784799E+03
0.14788799E+03
0.14792799E+03
0.14796799E+03
0.14800800E+03
0.14804799E+03
0.14808798E+03
0.14812799E+03
0.14816798E+03
0.14820799E+03
0.14824799E+03
0.14828799E+03
0.14832799E+03
0.14836800E+03
0.14840799E+03
0.14844798E+03
0.14848799E+03
0.14852798E+03
0.14856799E+03
0.14860799E+03
0.14864799E+03
0.14868799E+03
0.14872800E+03
0.14876799E+03
0.14880798E+03
0.14884799E+03
0.14888799E+03
0.14892799E+03
0.14896799E+03
0.14900800E+03
0.14904799E+03
0.14908798E+03
0.14912799E+03
0.14916798E+03
0.14920799E+03
0.14924799E+03
0.14928799E+03
0.14932799E+03
0.14936800E+03
0.14940799E+03
0.14944798E+03
0.14948799E+03
0.14952798E+03
0.14956799E+03
0.14960799E+03
0.14964799E+03
0.14968799E+03
0.14972798E+03
0.14976799E+03
0.14980798E+03
0.14984799E+03
0.14988799E+03
0.14992799E+03
0.14996799E+03
0.15000800E+03
0.15004799E+03
0.15008798E+03
0.15012799E+03
0.15016798E+03
0.15020799E+03
0.15024799E+03
0.15028799E+03
0.15032799E+03
0.15036800E+03
0.15040799E+03
0.15044798E+03
0.15048799E+03
0.15052798E+03
0.15056799E+03
0.15060799E+03
0.15064799E+03
0.15068799E+03
0.15072798E+03
0.15076799E+03
0.15080798E+03
0.15084799E+03
0.15088799E+03
0.15092799E+03
0.15096799E+03
0.15100800E+03
0.15104799E+03
0.15108798E+03
0.15112799E+03
0.15116798E+03
0.15120799E+03
0.15124799E+03
0.15128799E+03
0.15132799E+03
0.15136800E+03
0.15140799E+03
0.15144798E+03
0.15148799E+03
0.15152798E+03
0.15156799E+03
0.15160799E+03
0.15164799E+03
0.15168799E+03
0.15172798E+03
0.15176799E+03
0.15180798E+03
0.15184799E+03
0.15188799E+03
0.15192799E+03
0.15196799E+03
0.15200800E+03
0.15204799E+03
0.15208798E+03
0.15212799E+03
0.15216798E+03
0.15220799E+03
0.15224799E+03
0.15228799E+03
0.15232799E+03
0.15236800E+03
0.15240799E+03
0.15244798E+03
0.15248799E+03
0.15252798E+03
0.15256799E+03
0.15260799E+03
0.15264799E+03
0.15268799E+03
0.15272798E+03
0.15276799E+03
0.15280798E+03
0.15284799E+03
0.15288799E+03
0.15292799E+03
0.15296799E+03
0.15300800E+03
0.15304799E+03
0.15308798E+03
0.15312799E+03
0.15316798E+03
0.15320799E+03
0.15324799E+03
0.15328799E+03
0.15332799E+03
0.15336800E+03
0.15340799E+03
0.15344798E+03
0.15348799E+03
0.15352798E+03
0.15356799E+03
0.15360799E+03
0.15364799E+03
0.15368799E+03
0.15372798E+03
0.15376799E+03
0.15380798E+03
0.15384799E+03
0.15388799E+03
0.15392799E+03
0.15396799E+03
0.15400800E+03
0.15404799E+03
0.15408798E+03
0.15412799E+03
0.15416798E+03
0.15420799E+03
0.15424799E+03
0.15428799E+03
0.15432799E+03
0.15436800E+03
0.15440799E+03
0.15444798E+03
0.15448799E+03
0.15452798E+03
0.15456799E+03
0.15460799E+03
0.15464799E+03
0.15468799E+03
0.15472798E+03
0.15476799E+03
0.15480798E+03
0.15484799E+03
0.15488799E+03
0.15492799E+03
0.15496799E+03
0.15500800E+03
0.15504799E+03
0.15508798E+03
0.15512799E+03
0.15516798E+03
0.15520799E+03
0.15524799E+03
0.15528799E+03
0.15532799E+03
0.15536800E+03
0.15540799E+03
0.15544798E+03
0.15548799E+03
0.15552798E+03
0.15556799E+03
0.15560799E+03
0.15564799E+03
0.15568799E+03
0.15572798E+03
0.15576799E+03
0.15580798E+03
0.15584799E+03
0.15588799E+03
0.15592799E+03
0.15596799E+03
0.15600800E+03
0.15604799E+03
0.15608798E+03
0.15612799E+03
0.15616798E+03
0.15620799E+03
0.15624799E+03
0.15628799E+03
0.15632799E+03
0.15636800E+03
0.15640799E+03
0.15644798E+03
0.15648799E+03
0.15652798E+03
0.15656799E+03
0.15660799E+03
0.15664799E+03
0.15668799E+03
0.15672798E+03
0.15676799E+03
0.15680798E+03
0.15684799E+03
0.15688799E+03
0.15692799E+03
0.15696799E+03
0.15700800E+03
0.15704799E+03
0.15708798E+03
0.15712799E+03
0.15716798E+03
0.15720799E+03
0.15724799E+03
0.15728799E+03
0.15732799E+03
0.15736800E+03
0.15740799E+03
0.15744798E+03
0.15748799E+03
0.15752798E+03
0.15756799E+03
0.15760799E+03
0.15764799E+03
0.15768799E+03
0.15772798E+03
0.15776799E+03
0.15780798E+03
0.15784799E+03
0.15788799E+03
0.15792799E+03
0.15796799E+03
0.15800800E+03
0.15804799E+03
0.15808798E+03
0.15812799E+03
0.15816798E+03
0.15820799E+03
0.15824799E+03
0.15828799E+03
0.15832799E+03
0.15836800E+03
0.15840799E+03
0.15844798E+03
0.15848799E+03
0.15852798E+03
0.15856799E+03
0.15860799E+03
0.15864799E+03
0.15868799E+03
0.15872798E+03
0.15876799E+03
0.15880798E+03
0.15884799E+03
0.15888799E+03
0.15892799E+03
0.15896799E+03
0.15900800E+03
0.15904799E+03
0.15908798E+03
0.15912799E+03
0.15916798E+03
0.15920799E+03
0.15924799E+03
0.15928799E+03
0.15932799E+03
0.15936800E+03
0.15940799E+03
0.15944798E+03
0.15948799E+03
0.15952798E+03
0.15956799E+03
0.15960799E+03
0.15964799E+03
0.15968799E+03
0.15972798E+03
0.15976799E+03
0.15980798E+03
0.15984799E+03
0.15988799E+03
0.15992799E+03
0.15996799E+03
0.16000800E+03
0.16004799E+03
0.16008798E+03
0.16012799E+03
0.16016798E+03
0.16020799E+03
0.16024799E+03
0.16028799E+03
0.16032799E+03
0.16036800E+03
0.16040799E+03
0.16044798E+03
0.16048799E+03
0.16052798E+03
0.16056799E+03
0.16060799E+03
0.16064799E+03
0.16068799E+03
0.16072798E+03
0.16076799E+03
0.16080798E+03
0.16084799E+03
0.16088799E+03
0.16092799E+03
0.16096799E+03
0.16100800E+03
0.16104799E+03
0.16108798E+03
0.16112799E+03
0.16116798E+03
0.16120799E+03
0.16124799E+03
0.16128799E+03
0.16132799E+03
0.16136800E+03
0.16140799E+03
0.16144798E+03
0.16148799E+03
0.16152798E+03
0.16156799E+03
0.16160799E+03
0.16164799E+03
0.16168799E+03
0.16172798E+03
0.16176799E+03
0.16180798E+03
0.16184799E+03
0.16188799E+03
0.16192799E+03
0.16196799E+03
0.16200800E+03
0.16204799E+03
0.16208798E+03
0.16212799E+03
0.16216798E+03
0.16220799E+03
0.16224799E+03
0.16228799E+03
0.16232799E+03
0.16236800E+03
0.16240799E+03
0.16244798E+03
0.16248799E+03
0.16252798E+03
0.16256799E+03
0.16260799E+03
0.16264799E+03
0.16268799E+03
0.16272798E+03
0.16276799E+03
0.16280798E+03
0.16284799E+03
0.16288799E+03
0.16292799E+03
0.16296799E+03
0.16300800E+03
0.16304799E+03
0.16308798E+03
0.16312799E+03
0.16316798E+03
0.16320799E+03
0.16324799E+03
0.16328799E+03
0.16332799E+03
0.16336800E+03
0.16340799E+03
0.16344798E+03
0.16348799E+03
0.16352798E+03
0.16356799E+03
0.16360799E+03
0.16364799E+03
0.16368799E+03
0.16372798E+03
0.16376799E+03
0.16380798E+03
0.16384799E+03
0.16388799E+03
0.16392799E+03
0.16396799E+03
0.16400800E+03
0.16404799E+03
0.16408798E+03
0.16412799E+03
0.16416798E+03
0.16420799E+03
0.16424799E+03
0.16428799E+03
0.16432799E+03
0.16436800E+03
0.16440799E+03
0.16444798E+03
0.16448799E+03
0.16452798E+03
0.16456799E+03
0.16460799E+03
0.16464799E+03
0.16468799E+03
0.16472798E+03
0.16476799E+03
0.16480798E+03
0.16484799E+03
0.16488799E+03
0.16492799E+03
0.16496799E+03
0.16500800E+03
0.16504799E+03
0.16508798E+03
0.16512799E+03
0.16516798E+03
0.16520799E+03
0.16524799E+03
0.16528799E+03
0.16532799E+03
0.16536800E+03
0.16540799E+03
0.16544798E+03
0.16548799E+03
0.16552798E+03
0.16556799E+03
0.16560799E+03
0.16564799E+03
0.16568799E+03
0.16572798E+03
0.16576799E+03
0.16580798E+03
0.16584799E+03
0.16588799E+03
0.16592799E+03
0.16596799E+03
0.16600800E+03
0.16604799E+03
0.16608798E+03
0.16612799E+03
0.16616798E+03
0.16620799E+03
0.16624799E+03
0.16628799E+03
0.16632799E+03
0.16636800E+03
0.16640799E+03
0.16644798E+03
0.16648799E+03
0.16652798E+03
0.16656799E+03
0.16660799E+03
0.16664799E+03
0.16668799E+03
0.16672798E+03
0.16676799E+03
0.16680798E+03
0.16684799E+03
0.16688799E+03
0.16692799E+03
0.16696799E+03
0.16700800E+03
0.16704799E+03
0.16708798E+03
0.16712799E+03
0.16716798E+03
0.16720799E+03
0.16724799E+03
0.16728799E+03
0.16732799E+03
0.16736800E+03
0.16740799E+03
0.16744798E+03
0.16748799E+03
0.16752798E+03
0.16756799E+03
0.16760799E+03
0.16764799E+03
0.16768799E+03
0.16772798E+03
0.16776799E+03
0.16780798E+03
0.16784799E+03
0.16788799E+03
0.16792799E+03
0.16796799E+03
0.16800800E+03
0.16804799E+03
0.16808798E+03
0.16812799E+03
0.16816798E+03
0.16820799E+03
0.16824799E+03
0.16828799E+03
0.16832799E+03
0.16836800E+03
0.16840799E+03
0.16844798E+03
0.16848799E+03
0.16852798E+03
0.16856799E+03
0.16860799E+03
0.16864799E+03
0.16868799E+03
0.16872798E+03
0.16876799E+03
0.16880798E+03
0.16884799E+03
0.16888799E+03
0.16892799E+03
0.16896799E+03
0.16900800E+03
0.16904799E+03
0.16908798E+03
0.16912799E+03
0.16916798E+03
0.16920799E+03
0.16924799E+03
0.16928799E+03
0.16932799E+03
0.16936800E+03
0.16940799E+03
0.16944798E+03
0.16948799E+03
0.16952798E+03
0.16956799E+03
0.16960799E+03
0.16964799E+03
0.16968799E+03
0.16972798E+03
0.16976799E+03
0.16980798E+03
0.16984799E+03
0.16988799E+03
0.16992799E+03
0.16996799E+03
0.17000800E+03
0.17004799E+03
0.17008798E+03
0.17012799E+03
0.17016798E+03
0.17020799E+03
0.17024799E+03
0.17028799E+03
0.17032799E+03
0.17036800E+03
0.17040799E+03
0.17044798E+03
0.17048799E+03
0.17052798E+03
0.17056799E+03
0.17060799E+03
0.17064799E+03
0.17068799E+03
0.17072798E+03
0.17076799E+03
0.17080798E+03
0.17084799E+03
0.17088799E+03
0.17092799E+03
0.17096799E+03
0.17100800E+03
0.17104799E+03
0.17108798E+03
0.17112799E+03
0.17116798E+03
0.17120799E+03
0.17124799E+03
0.17128799E+03
0.17132799E+03
0.17136800E+03
0.17140799E+03
0.17144798E+03
0.17148799E+03
0.17152798E+03
0.17156799E+03
0.17160799E+03
0.17164799E+03
0.17168799E+03
0.17172798E+03
0.17176799E+03
0.17180798E+03
0.17184799E+03
0.17188799E+03
0.17192799E+03
0.17196799E+03
0.17200800E+03
0.17204799E+03
0.17208798E+03
0.17212799E+03
0.17216798E+03
0.17220799E+03
0.17224799E+03
0.17228799E+03
0.17232799E+03
0.17236800E+03
0.17240799E+03
0.17244798E+03
0.17248799E+03
0.17252798E+03
0.17256799E+03
0.17260799E+03
0.17264799E+03
0.17268799E+03
0.17272798E+03
0.17276799E+03
0.17280798E+03
0.17284799E+03
0.17288799E+03
0.17292799E+03
0.17296799E+03
0.17300800E+03
0.17304799E+03
0.17308798E+03
0.17312799E+03
0.17316798E+03
0.17320799E+03
0.17324799E+03
0.17328799E+03
0.17332799E+03
0.17336800E+03
0.17340799E+03
0.17344798E+03
0.17348799E+03
0.17352798E+03
0.17356799E+03
0.17360799E+03
0.17364799E+03
0.17368799E+03
0.17372798E+03
0.17376799E+03
0.17380798E+03
0.17384799E+03
0.17388799E+03
0.17392799E+03
0.17396799E+03
0.17400800E+03
0.17404799E+03
0.17408798E+03
0.17412799E+03
0.17416798E+03
0.17420799E+03
0.17424799E+03
0.17428799E+03
0.17432799E+03
0.17436800E+03
0.17440799E+03
0.17444798E+03
0.17448799E+03
0.17452798E+03
0.17456799E+03
0.17460799E+03
0.17464799E+03
0.17468799E+03
0.17472798E+03
0.17476799E+03
0.17480798E+03
0.17484799E+03
0.17488799E+03
0.17492799E+03
0.17496799E+03
0.17500800E+03
0.17504799E+03
0.17508798E+03
0.17512799E+03
0.17516798E+03
0.17520799E+03
0.17524799E+03
0.17528799E+03
0.17532799E+03
0.17536800E+03
0.17540799E+03
0.17544798E+03
0.17548799E+03
0.17552798E+03
0.17556799E+03
0.17560799E+03
0.17564799E+03
0.17568799E+03
0.17572798E+03
0.17576799E+03
0.17580798E+03
0.17584799E+03
0.17588799E+03
0.17592799E+03
0.17596799E+03
0.17600800E+03
0.17604799E+03
0.17608798E+03
0.17612799E+03
0.17616798E+03
0.17620799E+03
0.17624799E+03
0.17628799E+03
0.17632799E+03
0.17636800E+03
0.17640799E+03
0.17644798E+03
0.17648799E+03
0.17652798E+03
0.17656799E+03
0.17660799E+03
0.17664799E+03
0.17668799E+03
0.17672798E+03
0.17676799E+03
0.17680798E+03
0.17684799E+03
0.17688799E+03
0.17692799E+03
0.17696799E+03
0.17700800E+03
0.17704799E+03
0.17708798E+03
0.17712799E+03
0.17716798E+03
0.17720799E+03
0.17724799E+03
0.17728799E+03
0.17732799E+03
0.17736798E+03
0.17740799E+03
0.17744798E+03
0.17748799E+03
0.17752798E+03
0.17756799E+03
0.17760799E+03
0.17764799E+03
0.17768799E+03
0.17772798E+03
0.17776799E+03
0.17780798E+03
0.17784799E+03
0.17788799E+03
0.17792799E+03
0.17796799E+03
0.17800800E+03
0.17804799E+03
0.17808798E+03
0.17812799E+03
0.17816798E+03
0.17820799E+03
0.17824799E+03
0.17828799E+03
0.17832799E+03
0.17836798E+03
0.17840799E+03
0.17844798E+03
0.17848799E+03
0.17852798E+03
0.17856799E+03
0.17860799E+03
0.17864799E+03
0.17868799E+03
0.17872798E+03
0.17876799E+03
0.17880798E+03
0.17884799E+03
0.17888799E+03
0.17892799E+03
0.17896799E+03
0.17900800E+03
0.17904799E+03
0.17908798E+03
0.17912799E+03
0.17916798E+03
0.17920799E+03
0.17924799E+03
0.17928799E+03
0.17932799E+03
0.17936798E+03
0.17940799E+03
0.17944798E+03
0.17948799E+03
0.17952798E+03
0.17956799E+03
0.17960799E+03
0.17964799E+03
0.17968799E+03
0.17972798E+03
0.17976799E+03
0.17980798E+03
0.17984799E+03
0.17988799E+03
0.17992799E+03
0.17996799E+03
0.18000800E+03
0.18004799E+03
0.18008798E+03
0.18012799E+03
0.18016798E+03
0.18020799E+03
0.18024799E+03
0.18028799E+03
0.18032799E+03
0.18036798E+03
0.18040799E+03
0.18044798E+03
0.18048799E+03
0.18052798E+03
0.18056799E+03
0.18060799E+03
0.18064799E+03
0.18068799E+03
0.18072798E+03
0.18076799E+03
0.18080798E+03
0.18084799E+03
0.18088799E+03
0.18092799E+03
0.18096799E+03
0.18100800E+03
0.18104799E+03
0.18108798E+03
0.18112799E+03
0.18116798E+03
0.18120799E+03
0.18124799E+03
0.18128799E+03
0.18132799E+03
0.18136798E+03
0.18140799E+03
0.18144798E+03
0.18148799E+03
0.18152798E+03
0.18156799E+03
0.18160799E+03
0.18164799E+03
0.18168799E+03
0.18172798E+03
0.18176799E+03
0.18180798E+03
0.18184799E+03
0.18188799E+03
0.18192799E+03
0.18196799E+03
0.18200800E+03
0.18204799E+03
0.18208798E+03
0.18212799E+03
0.18216798E+03
0.18220799E+03
0.18224799E+03
0.18228799E+03
0.18232799E+03
0.18236798E+03
0.18240799E+03
0.18244798E+03
0.18248799E+03
0.18252798E+03
0.18256799E+03
0.18260799E+03
0.18264799E+03
0.18268799E+03
0.18272798E+03
0.18276799E+03
0.18280798E+03
0.18284799E+03
0.18288799E+03
0.18292799E+03
0.18296799E+03
0.18300800E+03
0.18304799E+03
0.18308798E+03
0.18312799E+03
0.18316798E+03
0.18320799E+03
0.18324799E+03
0.18328799E+03
0.18332799E+03
0.18336798E+03
0.18340799E+03
0.18344798E+03
0.18348799E+03
0.18352798E+03
0.18356799E+03
0.18360799E+03
0.18364799E+03
0.18368799E+03
0.18372798E+03
0.18376799E+03
0.18380798E+03
0.18384799E+03
0.18388799E+03
0.18392799E+03
0.18396799E+03
0.18400800E+03
0.18404799E+03
0.18408798E+03
0.18412799E+03
0.18416798E+03
0.18420799E+03
0.18424799E+03
0.18428799E+03
0.18432799E+03
0.18436798E+03
0.18440799E+03
0.18444798E+03
0.18448799E+03
0.18452798E+03
0.18456799E+03
0.18460799E+03
0.18464799E+03
0.18468799E+03
0.18472798E+03
0.18476799E+03
0.18480798E+03
0.18484799E+03
0.18488799E+03
0.18492799E+03
0.18496799E+03
0.18500800E+03
0.18504799E+03
0.18508798E+03
0.18512799E+03
0.18516798E+03
0.18520799E+03
0.18524799E+03
0.18528799E+03
0.18532799E+03
0.18536798E+03
0.18540799E+03
0.18544798E+03
0.18548799E+03
0.18552798E+03
0.18556799E+03
0.18560799E+03
0.18564799E+03
0.18568799E+03
0.18572798E+03
0.18576799E+03
0.18580798E+03
0.18584799E+03
0.18588799E+03
0.18592799E+03
0.18596799E+03
0.18600800E+03
0.18604799E+03
0.18608798E+03
0.18612799E+03
0.18616798E+03
0.18620799E+03
0.18624799E+03
0.18628799E+03
0.18632799E+03
0.18636798E+03
0.18640799E+03
0.18644798E+03
0.18648799E+03
0.18652798E+03
0.18656799E+03
0.18660799E+03
0.18664799E+03
0.18668799E+03
0.18672798E+03
0.18676799E+03
0.18680798E+03
0.18684799E+03
0.18688799E+03
0.18692799E+03
0.18696799E+03
0.18700800E+03
0.18704799E+03
0.18708798E+03
0.18712799E+03
0.18716798E+03
0.18720799E+03
0.18724799E+03
0.18728799E+03
0.18732799E+03
0.18736798E+03
0.18740799E+03
0.18744798E+03
0.18748799E+03
0.18752798E+03
0.18756799E+03
0.18760799E+03
0.18764799E+03
0.18768799E+03
0.18772798E+03
0.18776799E+03
0.18780798E+03
0.18784799E+03
0.18788799E+03
0.18792799E+03
0.18796799E+03
0.18800800E+03
0.18804799E+03
0.18808798E+03
0.18812799E+03
0.18816798E+03
0.18820799E+03
0.18824799E+03
0.18828799E+03
0.18832799E+03
0.18836798E+03
0.18840799E+03
0.18844798E+03
0.18848799E+03
0.18852798E+03
0.18856799E+03
0.18860799E+03
0.18864799E+03
0.18868799E+03
0.18872798E+03
0.18876799E+03
0.18880798E+03
0.18884799E+03
0.18888799E+03
0.18892799E+03
0.18896799E+03
0.18900800E+03
0.18904799E+03
0.18908798E+03
0.18912799E+03
0.18916798E+03
0.18920799E+03
0.18924799E+03
0.18928799E+03
0.18932799E+03
0.18936798E+03
0.18940799E+03
0.18944798E+03
0.18948799E+03
0.18952798E+03
0.18956799E+03
0.18960799E+03
0.18964799E+03
0.18968799E+03
0.18972798E+03
0.18976799E+03
0.18980798E+03
0.18984799E+03
0.18988799E+03
0.18992799E+03
0.18996799E+03
0.19000800E+03
0.19004799E+03
0.19008798E+03
0.19012799E+03
0.19016798E+03
0.19020799E+03
0.19024799E+03
0.19028799E+03
0.19032799E+03
0.19036798E+03
0.19040799E+03
0.19044798E+03
0.19048799E+03
0.19052798E+03
0.19056799E+03
0.19060799E+03
0.19064799E+03
0.19068799E+03
0.19072798E+03
0.19076799E+03
0.19080798E+03
0.19084799E+03
0.19088799E+03
0.19092799E+03
0.19096799E+03
0.19100800E+03
0.19104799E+03
0.19108798E+03
0.19112799E+03
0.19116798E+03
0.19120799E+03
0.19124799E+03
0.19128799E+03
0.19132799E+03
0.19136798E+03
0.19140799E+03
0.19144798E+03
0.19148799E+03
0.19152798E+03
0.19156799E+03
0.19160799E+03
0.19164799E+03
0.19168799E+03
0.19172798E+03
0.19176799E+03
0.19180798E+03
0.19184799E+03
0.19188799E+03
0.19192799E+03
0.19196799E+03
0.19200800E+03
0.19204799E+03
0.19208798E+03
0.19212799E+03
0.19216798E+03
0.19220799E+03
0.19224799E+03
0.19228799E+03
0.19232799E+03
0.19236798E+03
0.19240799E+03
0.19244798E+03
0.19248799E+03
0.19252798E+03
0.19256799E+03
0.19260799E+03
0.19264799E+03
0.19268799E+03
0.19272798E+03
0.19276799E+03
0.19280798E+03
0.19284799E+03
0.19288799E+03
0.19292799E+03
0.19296799E+03
0.19300800E+03
0.19304799E+03
0.19308798E+03
0.19312799E+03
0.19316798E+03
0.19320799E+03
0.19324799E+03
0.19328799E+03
0.19332799E+03
0.19336798E+03
0.19340799E+03
0.19344798E+03
0.19348799E+03
0.19352798E+03
0.19356799E+03
0.19360799E+03
0.19364799E+03
0.19368799E+03
0.19372798E+03
0.19376799E+03
0.19380798E+03
0.19384799E+03
0.19388799E+03
0.19392799E+03
0.19396799E+03
0.19400800E+03
0.19404799E+03
0.19408798E+03
0.19412799E+03
0.19416798E+03
0.19420799E+03
0.19424799E+03
0.19428799E+03
0.19432799E+03
0.19436798E+03
0.19440799E+03
0.19444798E+03
0.19448799E+03
0.19452798E+03
0.19456799E+03
0.19460799E+03
0.19464799E+03
0.19468799E+03
0.19472798E+03
0.19476799E+03
0.19480798E+03
0.19484799E+03
0.19488799E+03
0.19492799E+03
0.19496799E+03
0.19500800E+03
0.19504799E+03
0.19508798E+03
0.19512799E+03
0.19516798E+03
0.19520799E+03
0.19524799E+03
0.19528799E+03
0.19532799E+03
0.19536798E+03
0.19540799E+03
0.19544798E+03
0.19548799E+03
0.19552798E+03
0.19556799E+03
0.19560799E+03
0.19564799E+03
0.19568799E+03
0.19572798E+03
0.19576799E+03
0.19580798E+03
0.19584799E+03
0.19588799E+03
0.19592799E+03
0.19596799E+03
0.19600800E+03
0.19604799E+03
0.19608798E+03
0.19612799E+03
0.19616798E+03
0.19620799E+03
0.19624799E+03
0.19628799E+03
0.19632799E+03
0.19636798E+03
0.19640799E+03
0.19644798E+03
0.19648799E+03
0.19652798E+03
0.19656799E+03
0.19660799E+03
0.19664799E+03
0.19668799E+03
0.19672798E+03
0.19676799E+03
0.19680798E+03
0.19684799E+03
0.19688799E+03
0.19692799E+03
0.19696799E+03
0.19700800E+03
0.19704799E+03
0.19708798E+03
0.19712799E+03
0.19716798E+03
0.19720799E+03
0.19724799E+03
0.19728799E+03
0.19732799E+03
0.19736798E+03
0.19740799E+03
0.19744798E+03
0.19748799E+03
0.19752798E+03
0.19756799E+03
0.19760799E+03
0.19764799E+03
0.19768799E+03
0.19772798E+03
0.19776799E+03
0.19780798E+03
0.19784799E+03
0.19788799E+03
0.19792799E+03
0.19796799E+03
0.19800800E+03
0.19804799E+03
0.19808798E+03
0.19812799E+03
0.19816798E+03
0.19820799E+03
0.19824799E+03
0.19828799E+03
0.19832799E+03
0.19836798E+03
0.19840799E+03
0.19844798E+03
0.19848799E+03
0.19852798E+03
0.19856799E+03
0.19860799E+03
0.19864799E+03
0.19868799E+03
0.19872798E+03
0.19876799E+03
0.19880798E+03
0.19884799E+03
0.19888799E+03
0.19892799E+03
0.19896799E+03
0.19900800E+03
0.19904799E+03
0.19908798E+03
0.19912799E+03
0.19916798E+03
